111.19745652459903
110.05839374415704
110.0583937441565
108.3525056321483
103.84440887482381
101.69428157190457
101.69428157190454
99.77708763999651
95.99999999999991
94.57323769678136
94.57323769678115
92.39997222140241
89.52537076413934
88.2569597767033
87.37686598139233
87.37686598139231
83.63864477550028
83.63864477550015
80.0000000000001
79.99999999999999
79.99999999999993
79.99999999999962
75.63710739209388
75.63710739209375
72.67621779392968
72.67621779392891
72.0547208995159
70.50360069298625
67.49132980814232
67.49132980814231
64.00000000000028
64.00000000000003
63.999999999999986
63.99999999999972
60.508670191857824
60.50867019185772
57.49639930701374
55.94527910048434
55.323782206070945
55.323782206070916
52.362892607906254
52.36289260790608
47.99999999999997
47.99999999999994
47.99999999999992
47.99999999999988
44.36135522449981
44.36135522449968
40.62313401860787
40.623134018607786
39.74304022329679
38.4746292358607
35.60002777859755
33.42676230321859
33.42676230321853
31.999999999999943
28.22291236000327
26.305718428095457
26.305718428095368
24.155591125176223
19.647494367851696
17.941606255843222
17.94160625584314
16.802543475401045
0.0
0.0
0.0
0.0
0.0
0.0
0.0
0.0
0.0
0.0
0.0
0.0
0.0
0.0
0.0
0.0
0.0
