1242.4662360915756
1242.2512752494144
1242.2512752494097
1242.022568516806
1233.3516472609076
1233.0279875966776
1233.0279875966671
1232.7161710171863
1207.2779672737356
1206.6799886834274
1206.6799886834237
1206.0009691060802
1193.5755099838611
1192.268306792556
1192.2683067925502
1190.9815429725707
1168.01736768204
1167.4286254637834
1167.4286254637825
1166.7378718246543
1159.659687562658
1159.0004281801448
1158.6450106873913
1158.6450106873901
1152.031693720521
1152.031693720517
1149.4784925908468
1148.6256510673686
1148.4322387748782
1146.2281797545868
1143.8682642126535
1143.8682642126519
1135.0536028914255
1135.053602891419
1134.5430532695686
1128.918549065665
1128.2934958194355
1128.1084042312705
1125.9668540877828
1125.9668540877765
1120.910996580434
1118.8224713334014
1118.644456733649
1118.6444567336487
1115.946667702333
1115.344670826528
1115.3446708265237
1111.2978977757075
1095.6787334166206
1091.0699635368992
1091.0699635368978
1087.214278409014
1080.900786253113
1080.505040430462
1080.50504043045
1080.0272537705737
1078.2471557643576
1076.7927867029512
1076.792786702944
1075.8498785369577
1075.0891720273846
1074.284517728668
1074.2845177286617
1072.3370373527093
1060.677133243862
1056.9176949065438
1056.9176949065366
1055.122368788925
1047.4431280031372
1047.0249417784394
1047.0249417784353
1041.7091269989498
1041.5573015531627
1035.5452662815533
1035.5452662815453
1034.0722662241876
1027.7403237231142
1025.6294528306573
1025.629452830646
1020.9232030133319
1018.0269243101611
1014.4558453017445
1014.4558453017387
1012.2194823880232
1001.7927446901559
1000.4413300916987
999.7640164213805
999.7640164213766
999.1858825958739
998.5807582808364
998.58075828082
995.3006042247795
973.1432820185564
967.2692172886697
967.2692172886602
963.9747085995557
963.9348952224584
963.7618533500514
963.7618533500489
961.3548836311759
955.750718351785
955.0204958581179
955.0204958581097
952.8790894463235
945.1263296321122
945.0612674773362
944.6899800281606
944.6899800281361
936.9927669103818
935.7207898838184
935.7207898838171
931.8988776734491
931.8303742177462
924.8771120173506
924.482214808941
924.4822148089396
920.5139811369181
920.5139811369163
918.5205013903219
916.4694767601275
908.6242636504014
908.6242636503945
908.5590554911388
907.7013167868537
904.4721639650842
904.29647960917
903.7362298416102
903.7362298415991
902.3263064193949
898.5295047204368
898.5295047204303
898.3135957196132
895.5122433194674
894.8511731541419
894.851173154137
893.5118235882502
892.0354431324783
891.9719243657818
891.9719243657762
891.304684508161
879.5045766215283
878.97315461287
878.9731546128673
876.8733220153238
867.7034164418563
865.2956479292343
865.1883188732302
865.1883188732262
864.511638455641
864.1354837089029
864.135483708901
855.9416827854561
852.0852420278403
850.5599334689979
845.3062985361927
845.3062985361869
844.011244951461
844.0112449514596
841.2538872472063
840.7130320360477
839.840462222802
838.2835046702239
836.9187634604974
836.9187634604839
835.4605527078521
832.9817622910659
832.9817622910515
823.4255371533851
820.3342539974751
818.4289528448551
818.4289528448473
818.1647020773552
809.1436241669203
809.1425303407419
809.1425303407378
809.139461967132
807.4430115882702
807.4430115882695
806.0389399333234
805.7567783879172
797.2372302036571
795.9274290487352
793.7840350682827
793.7840350682778
791.947901355099
791.9479013550924
791.534814960064
790.8028347319109
789.9222661970396
789.1188703942314
789.1188703942298
789.0171856290598
776.90088630949
776.7088679561256
775.016063957805
775.0160639577987
765.6117714177226
765.0938226510868
765.0938226510813
765.0379263427893
761.4826292814229
761.4826292814182
759.3072219118242
758.4907690071364
758.0196498294933
758.0196498294927
757.3522764033096
753.4712162453502
751.1596532988049
751.1596532987908
750.5153862104106
750.3655858885775
748.0729628700825
744.5643624100425
743.9002473988556
740.8526827823614
740.8526827823538
739.4425542399794
739.4425542399755
732.5002513303199
732.500251330308
731.78130876693
730.3185733319565
730.0039538342689
718.0554802152622
717.3353206394651
716.339811779108
716.1822238063592
716.1822238063485
714.5308732434316
714.1660543824026
714.1660543823989
711.759176932336
711.7591769323349
710.9553432727446
710.3538401336912
709.2745916870788
709.0723526335908
707.620619864397
707.6206198643915
700.3581600277979
700.3223963721819
697.4634066846706
697.4634066846601
689.2700309844048
689.270030984402
676.0000000000042
676.0000000000039
676.0000000000038
676.0000000000007
676.0000000000006
676.0000000000006
676.0000000000003
676.0000000000001
676.0000000000001
676.0000000000001
675.9999999999999
675.9999999999999
675.9999999999998
675.9999999999998
675.9999999999995
675.9999999999994
675.9999999999994
675.9999999999992
675.9999999999992
675.9999999999991
662.7299690156012
662.7299690155952
654.5365933153482
654.5365933153357
651.6776036278204
651.6418399722006
644.3793801356184
644.3793801356115
642.927647366411
642.7254083129304
641.6461598663171
641.044656727262
640.2408230676748
640.2408230676733
637.8339456176067
637.8339456176012
637.4691267565797
635.8177761936543
635.8177761936528
635.6601882208947
634.6646793605458
633.944519784736
621.996046165738
621.6814266680401
620.2186912330727
619.499748669697
619.4997486696941
612.5574457600283
612.5574457600251
611.1473172176424
611.1473172176403
608.0997526011457
607.4356375899624
603.9270371299185
601.6344141114247
601.4846137896031
600.840346701212
600.8403467012109
598.5287837546575
594.6477235966879
593.98035017051
593.9803501705079
593.5092309928667
592.6927780881738
590.517370718591
590.5173707185822
586.9620736572211
586.906177348922
586.9061773489186
586.3882285822793
576.9839360422018
576.983936042197
575.2911320438815
575.0991136905188
562.9828143709477
562.8811296057764
562.8811296057763
562.0777338029609
561.197165268092
560.4651850399417
560.0520986449119
560.0520986449061
558.2159649317223
558.2159649317219
556.0725709512714
554.762769796354
546.2432216120807
545.9610600666981
544.556988411739
544.5569884117334
542.8605380328614
542.857469659261
542.8574696592568
542.856375833086
533.835297922652
533.571047155155
533.5710471551527
531.665746002524
528.5744628466277
519.0182377089495
519.0182377089462
516.5394472921485
515.081236539517
515.0812365395169
513.7164953297815
512.1595377772003
511.28696796395417
510.7461127527917
507.9887550485438
507.988755048542
506.69370146381203
506.6937014638098
501.44006653100405
499.91475797216225
496.05831721454217
487.86451629109916
487.8645162910926
487.4883615443603
486.8116811267785
486.8116811267765
486.70435207076576
484.29658355814206
475.12667798468215
473.0268453871366
473.02684538713146
472.4954233784814
460.6953154918415
460.0280756342236
460.0280756342225
459.9645568675236
458.4881764117502
457.148826845867
457.14882684586536
456.48775668053884
453.6864042803924
453.4704952795633
453.4704952795631
449.6736935806115
448.263770158405
448.2637701584014
447.70352039083974
447.52783603491224
444.29868321315223
443.4409445088647
443.375736349615
443.3757363496085
435.53052323987487
433.479498609682
431.48601886308495
431.4860188630831
427.5177851910625
427.5177851910621
427.1228879826516
420.1696257822575
420.10112232655206
416.27921011618565
416.27921011618264
415.00723308961994
407.31001997186513
407.3100199718641
406.9387325226631
406.8736703678877
399.12091055368364
396.97950414189074
396.97950414188745
396.24928164822256
390.64511636883225
388.23814664995405
388.2381466499496
388.065104777547
388.0252914004505
384.7307827113389
384.7307827113371
378.85671798145216
356.6993957752253
353.4192417191818
353.41924171918174
352.81411740412574
352.23598357862517
352.2359835786241
351.55866990829736
350.20725530984885
339.7805176119814
337.5441546982573
337.5441546982553
333.97307568983933
331.07679698667664
326.3705471693524
326.3705471693516
324.25967627687555
317.92773377580716
316.45473371845173
316.45473371844895
310.4426984468294
310.2908730010556
304.9750582215669
304.97505822156205
304.55687199686474
296.8776312110759
295.0823050934583
295.08230509345805
291.32286675613176
279.66296264729823
277.7154822713368
277.71548227133667
276.91082797261913
276.1501214630435
275.2072132970563
275.20721329705526
273.75284423564085
271.9727462294295
271.49495956954706
271.4949595695437
271.0992137468987
264.785721590988
260.93003646310683
260.93003646310564
256.3212665833876
240.70210222429594
236.65532917347855
236.65532917347684
236.05333229766083
233.3555432663488
233.3555432663477
233.17752866659208
231.08900341956638
226.03314591222608
226.03314591222423
223.8915957687263
223.70650418056206
223.08145093433052
217.45694673043025
216.94639710857803
216.946397108576
208.13173578735052
208.1317357873474
205.7718202454181
203.56776122512403
203.3743489326293
202.52150740915283
199.9683062794768
199.9683062794765
193.35498931261554
193.35498931261404
192.99957181986096
192.34031243734793
185.2621281753476
184.5713745362174
184.5713745362168
183.98263231796275
161.01845702744063
159.7316932074475
159.7316932074471
158.42449001614048
145.99903089392413
145.32001131657447
145.32001131657393
144.72203272626695
119.2838289828159
118.97201240332652
118.97201240332545
118.64835273909311
109.97743148319152
109.74872475058662
109.74872475058591
109.5337639084234
0.0
0.0
0.0
0.0
0.0
0.0
0.0
0.0
0.0
0.0
0.0
0.0
0.0
0.0
0.0
0.0
0.0
0.0
0.0
0.0
0.0
0.0
0.0
0.0
0.0
0.0
0.0
0.0
0.0
0.0
0.0
0.0
0.0
0.0
0.0
0.0
0.0
0.0
0.0
0.0
0.0
0.0
0.0
0.0
0.0
0.0
0.0
0.0
0.0
0.0
0.0
0.0
0.0
0.0
0.0
0.0
0.0
0.0
0.0
0.0
0.0
0.0
0.0
0.0
0.0
0.0
0.0
0.0
0.0
0.0
0.0
0.0
0.0
0.0
0.0
0.0
0.0
0.0
0.0
0.0
0.0
0.0
0.0
0.0
0.0
0.0
0.0
0.0
0.0
0.0
0.0
0.0
0.0
0.0
0.0
0.0
0.0
0.0
0.0
0.0
0.0
0.0
0.0
0.0
0.0
0.0
0.0
0.0
0.0
0.0
0.0
0.0
0.0
0.0
0.0
0.0
0.0
0.0
0.0
0.0
0.0
0.0
0.0
0.0
0.0
0.0
0.0
0.0
0.0
0.0
0.0
0.0
0.0
0.0
0.0
0.0
0.0
0.0
0.0
0.0
0.0
0.0
0.0
0.0
0.0
0.0
0.0
0.0
0.0
0.0
0.0
0.0
0.0
0.0
0.0
0.0
0.0
0.0
0.0
0.0
0.0
0.0
0.0
0.0
0.0
0.0
0.0
0.0
0.0
0.0
0.0
0.0
0.0
0.0
0.0
0.0
0.0
0.0
0.0
0.0
0.0
0.0
0.0
0.0
0.0
0.0
0.0
0.0
0.0
0.0
0.0
0.0
0.0
0.0
0.0
0.0
0.0
0.0
0.0
0.0
0.0
0.0
0.0
0.0
0.0
0.0
0.0
0.0
0.0
0.0
0.0
0.0
0.0
0.0
0.0
0.0
0.0
