11912.82536547459
11912.822238287983
11912.822238287654
11912.819105413504
11908.946324649261
11908.942720539904
11908.942720539531
11908.93912206287
11878.959539623856
11878.951781833357
11878.951781833026
11878.944001633165
11872.31450421984
11872.304251619002
11872.304251618529
11872.294020878293
11761.357680103247
11761.325438531267
11761.325438531105
11761.293089601992
11758.337179311337
11758.13122515657
11758.131225156525
11758.063874459696
11757.10407317382
11757.104073173767
11757.067797798456
11756.867600724332
11756.420467327953
11755.65001556688
11755.650015566862
11754.768943860528
11748.551166400433
11747.034572822386
11747.03457282232
11745.708986391726
11739.447156054073
11739.107304280324
11739.10730428032
11738.540254922502
11737.179458142566
11736.336838116922
11736.336838116882
11735.542213313167
11735.284481109617
11734.706736103035
11734.706736102931
11734.341298477972
11712.921905436442
11712.22359817942
11712.223598179376
11711.540873375921
11686.742761061354
11686.71759008286
11686.717590082812
11686.69269581174
11673.922424788623
11673.902343122843
11673.90234312276
11673.882041396926
11673.136726493778
11672.793288885372
11672.793288885243
11672.39496484591
11666.235227636542
11665.896189158952
11665.896189158915
11665.629633145461
11664.7421114332
11664.51777240319
11664.517772403176
11664.152042365808
11662.262531149172
11661.32057226858
11661.320572268547
11660.493190262765
11639.387958845015
11639.20158043849
11639.201580438463
11639.011014935955
11630.224501344444
11629.624968486167
11629.624968486161
11629.03548411464
11603.48557983253
11603.213697356443
11603.213697356401
11602.94929567713
11567.929981997047
11567.505332685092
11567.505332685005
11567.074518901913
11529.794588258866
11529.388271273936
11529.388271273887
11528.98801935191
11493.593472681468
11493.367704699367
11493.367704699276
11493.140486763354
11449.548106747385
11448.848289589683
11448.848289589598
11448.11445484013
11424.84096395818
11424.800176506482
11424.800176506442
11424.759617211363
11409.569202008744
11409.548529831465
11409.41960282737
11409.419602827285
11405.839604914216
11405.839604914037
11405.695939961146
11405.54249555056
11404.343045720585
11401.49453236726
11401.49453236718
11398.198726303843
11372.942767716957
11368.083231983454
11368.08323198339
11363.523082063475
11355.94250876001
11355.583099359139
11355.583099359037
11355.218514714852
11349.324396177422
11349.219023045916
11349.219023045865
11349.12527235516
11344.356302636548
11343.631002186257
11343.631002186208
11342.994048357954
11312.017252760128
11307.96619889222
11307.966198892149
11303.733248925286
11295.764221483176
11295.587493158522
11295.587493158362
11295.440345615596
11289.536151437198
11288.902011183352
11288.9020111833
11288.275958173235
11276.835691772343
11274.953187721832
11274.953187721785
11272.81230627143
11271.933926359501
11269.6983713619
11269.698371361867
11267.250602664219
11262.129340558291
11258.851181496033
11258.851181495951
11256.373259340071
11223.722745491965
11222.425201011925
11222.425201011914
11221.159923083538
11188.110354765267
11187.384551821442
11187.384551821213
11186.687993887754
11138.46323019021
11137.466116727253
11137.466116727228
11136.402144486432
11116.683743150432
11115.807694960153
11115.807694959938
11115.002025553807
11052.98738771313
11052.985475016902
11052.985475016896
11052.983561853807
11038.683377402602
11038.535897682157
11038.535897682154
11038.383856596805
11030.531959851794
11030.334018651236
11030.334018651174
11030.132508415083
11008.469473354528
11008.30048083471
11008.300480834692
11008.294070318989
11003.362664300077
11000.990545019225
11000.990545019207
10997.7464873862
10996.857309590952
10996.350335379995
10996.350335379993
10995.886490606208
10989.495814310185
10989.411087597306
10989.411087597255
10989.31183351892
10971.823564925877
10969.77811086193
10969.778110861856
10967.058241445411
10965.855017652599
10965.839850149248
10963.938351933413
10963.938351933295
10961.65287603864
10961.65287603863
10959.743626078785
10959.336309697639
10957.39465862302
10950.72943016176
10950.246869078122
10950.246869078097
10946.333871292825
10946.333871292793
10943.000366234435
10942.401947133494
10939.509913626973
10939.509913626824
10939.38351309124
10936.208616444343
10930.928826454394
10929.560202864786
10925.800816557985
10925.800816557881
10921.807840385698
10921.214344672942
10921.21434467283
10915.470869890723
10912.525690600552
10912.52569060052
10910.653194213117
10910.016769904449
10902.81914675335
10900.741374208517
10897.565811085831
10897.5658110858
10894.66202085838
10894.66202085829
10893.488067929276
10892.2912809714
10880.405760531372
10878.66134271905
10874.546149684149
10874.546149684027
10874.189145841545
10873.397992494363
10873.397992494343
10867.388303469797
10859.579787003848
10859.57978700373
10859.064277180623
10857.095676528656
10856.145441773167
10856.145441773162
10852.959965466014
10848.312489949883
10844.48566301707
10843.967635763807
10839.50117051784
10839.100523918827
10839.100523918763
10835.874440935439
10835.874440935377
10832.453623174528
10816.27994957216
10816.279949572043
10815.53727713443
10812.249562096364
10809.81239218869
10804.825441997895
10804.578963585696
10804.578963585533
10799.76223264492
10797.66582437049
10797.665824370431
10792.473624933278
10789.43661319519
10787.659130732454
10786.087887704529
10786.087887704438
10774.172667959412
10774.172667959267
10773.88367815133
10765.672610285956
10764.296616843922
10762.552195289849
10759.200382652461
10759.200382652263
10750.200245458202
10750.200245458094
10747.503391465352
10745.46632714038
10745.023534271724
10739.807013591415
10739.807013591402
10739.355012129383
10729.868195481946
10725.547818846238
10725.54781884615
10723.474254860059
10717.678279279799
10713.159071737045
10713.159071736864
10709.510983572334
10707.450760389855
10707.45076038979
10701.85132603931
10696.011012668627
10695.56053096497
10694.177153076273
10688.656877293155
10688.656877292908
10688.290573440076
10680.41784919716
10680.417849197092
10673.430949191703
10667.994375396307
10667.994375396273
10667.548497210842
10666.139764836982
10663.279569909279
10662.8256226618
10657.663467755097
10657.663467755092
10655.53379936814
10655.533799368028
10651.476522303788
10649.07616078418
10641.064867615736
10630.365039116637
10630.365039116588
10628.11914914144
10620.699120626803
10620.699120626627
10616.950264204503
10612.646963246718
10612.59091958482
10611.594059123025
10611.5940591229
10610.180793066786
10608.74139156746
10607.883966595595
10607.883966595557
10607.688619141976
10600.79123283859
10594.621934765491
10594.621934765266
10592.757590313888
10590.521717737018
10588.756011750424
10588.756011750384
10587.565139653516
10587.224077053108
10586.963703728428
10586.963703728383
10586.70742825743
10585.76958159267
10585.0006533184
10585.000653318357
10584.97256198502
10584.480902516196
10582.873200588407
10582.392820384686
10582.392820384663
10581.496307812284
10581.192795297204
10581.192795297195
10580.312251449493
10579.070536699337
10579.070536699226
10578.24120285474
10577.11067889899
10572.903927584252
10572.604814977802
10572.413984111814
10572.413984111643
10559.53483952554
10554.851741714272
10554.851741714261
10547.53617436771
10542.425343021157
10541.675784121022
10538.388459150849
10538.388459150747
10534.524961312769
10534.52496131272
10533.254348319559
10530.066333673372
10529.649654390516
10527.931019903677
10527.931019903666
10527.623127734996
10517.13975747891
10517.139757478883
10516.614686113116
10515.8678434273
10505.46673915044
10501.416468656817
10501.416468656746
10499.111585040158
10493.251279430848
10492.215609279987
10492.215609279914
10490.851949677945
10485.16389133727
10484.499889567212
10484.49988956711
10483.880462240955
10437.557630892283
10436.068410328968
10436.068410328966
10434.618014600192
10423.502620546096
10421.761242761271
10421.761242761193
10419.121557778299
10409.897776130114
10406.241622129555
10406.24162212947
10403.735295311246
10401.121918623861
10400.638842960061
10400.638842959856
10399.773065568701
10368.587581669217
10364.613606021238
10364.613606021234
10358.036893673885
10351.816768064695
10346.015021861565
10346.01502186137
10343.580410608472
10325.052258760456
10324.589343830334
10324.589343830265
10321.936218800884
10314.701685516593
10310.5725194047
10310.572519404646
10307.65124978741
10306.147469081157
10303.329553775711
10303.329553775675
10298.546362314552
10298.166523343301
10294.2409491888
10294.24094918873
10292.358906022979
10287.035532211143
10284.933586094023
10284.933586093968
10282.901749102788
10264.840544594701
10262.56358080955
10262.563580809496
10260.444154723653
10237.648315878881
10236.576858815777
10236.576858815768
10235.569201573098
10230.019971359916
10230.0131427988
10230.013142798667
10230.006278156847
10225.727071012727
10225.694040654515
10225.694040654435
10225.664307649544
10224.965183513661
10224.952491630283
10224.952491630182
10224.934874806322
10205.703429287925
10205.590330880992
10205.590330880792
10205.482922769652
10199.17282460698
10198.936816298532
10198.936816298323
10198.687449199067
10198.331945362086
10198.33184517601
10198.331845175859
10198.331187552489
10194.495745523558
10194.445479002763
10194.445479002621
10194.394209520584
10187.862253508018
10187.851223316537
10187.851223316453
10187.839941821883
10187.154527569894
10186.986689657859
10186.986689657793
10186.832337437358
10173.751930624236
10173.4614332764
10173.461433276347
10173.15376954663
10162.914186760136
10162.89341958986
10162.893419589838
10162.872423388922
10066.872724899675
10064.926248340622
10064.926248340555
10062.991971309006
10048.77846990729
10047.997056746059
10045.729170083878
10045.72917008374
10043.411499485474
10043.411499485363
10041.780866916757
10036.333592985118
10033.968145452885
10028.197265049745
10027.876790466473
10027.87679046631
10027.134490395745
10025.300911668795
10025.300911668703
10025.00181569548
10020.589947877288
10020.589947877084
10018.360597499208
10014.550267218612
9991.641854051584
9983.177013477145
9983.177013477138
9971.28230545815
9970.680520991973
9963.275761497545
9955.278823801744
9955.278823801716
9950.268580374286
9950.268580374244
9937.800824763703
9937.518567483412
9935.88210982443
9935.023590283
9935.023590282977
9934.981598440856
9921.5770196365
9916.739965196419
9913.982124413602
9913.982124413571
9913.375018762037
9909.425146975298
9909.425146975185
9908.015654356026
9903.170306731221
9903.170306731165
9900.23697566742
9898.206113420454
9898.157241786555
9890.560261959588
9890.560261959512
9886.981188903115
9877.110882510156
9877.110882510056
9876.808138885439
9876.355262149958
9868.568026961824
9867.219219302586
9867.219219302488
9865.234018720292
9857.241141444481
9855.804487045456
9855.804487045318
9854.169384026512
9849.207515409253
9846.652408227877
9846.65240822775
9844.675165541163
9843.639536815703
9841.003130254367
9841.003130254263
9833.878820587981
9826.57104315583
9825.410823946784
9822.923609010822
9822.923609010748
9817.860979832652
9811.852538532277
9811.852538532276
9804.118323606997
9782.909377862088
9781.109999908142
9780.927751542857
9780.92775154283
9773.533018794331
9773.28779922738
9773.287799227326
9767.846943021481
9767.352230199662
9766.872668089387
9763.73297877068
9763.732978770542
9760.969370299452
9760.969370299383
9760.084987767192
9758.275108542379
9755.456697096883
9754.217150564225
9754.217150564129
9753.017690866916
9750.438481435469
9747.961025157936
9747.961025157927
9744.627720507733
9735.124825032195
9734.950092628593
9734.305896510838
9734.305896510721
9730.020047467488
9730.020047467304
9729.923536591483
9729.292072800528
9721.339150671398
9720.26824689251
9720.26824689235
9717.297256502974
9715.829829381666
9711.072531161892
9711.072531161872
9708.51058796166
9691.387587561938
9688.089872071392
9688.08987207135
9685.801964721977
9674.279687635697
9674.18149365272
9674.181493652653
9673.233431625327
9659.643103672004
9659.643103671948
9658.219092748845
9657.851177413297
9655.952105004366
9652.428715105
9652.428715104788
9652.325068205371
9643.507621034501
9641.431874335625
9641.431874335582
9641.380331222777
9639.285966993642
9639.285966993464
9639.06776328521
9637.062063972982
9626.088898355994
9625.244746247905
9625.244746247887
9624.721174998653
9624.654051095738
9624.6483924334
9624.575831610331
9624.575831610293
9619.7213179789
9618.63265090915
9618.632650909132
9616.844556099668
9607.14428068533
9603.097682925265
9603.097682925163
9601.400429367284
9600.880527994677
9600.880527994605
9600.741776707693
9596.655721395688
9593.42851622742
9587.835547596676
9587.835547596502
9584.771906146505
9540.220419277337
9538.64778604596
9538.647786045769
9536.722905116345
9536.027758295402
9534.673245989294
9534.673245989092
9533.64543169949
9518.800201282358
9515.25349981043
9515.253499810411
9510.707572891182
9509.558385390557
9507.572600741312
9507.572600741176
9505.863704080222
9491.598083242963
9490.070697547602
9489.060490458813
9489.0604904588
9485.528459356734
9485.528459356588
9483.547978905657
9483.067869936262
9473.096344467698
9471.651035289195
9471.651035288965
9470.193639583766
9466.66930840656
9465.146457317085
9465.146457317021
9464.949424693079
9464.935583878467
9459.423669243508
9459.341781333738
9459.34178133356
9456.275140047564
9456.275140047428
9453.70980005471
9451.315629436269
9450.709478567187
9449.18733641368
9449.187336413572
9447.19140677067
9440.309529961174
9439.869508915912
9439.537385938238
9439.537385938234
9434.497461381403
9434.383950134237
9434.02720119021
9434.027201190178
9433.055512665367
9426.81239258468
9426.812392584663
9417.619914288143
9417.310546014953
9415.343582707172
9415.343582707113
9413.563353259486
9410.180256286896
9400.523337854145
9400.523337854127
9392.705832147458
9385.677663043249
9380.419600567475
9380.419600567326
9373.08358363554
9372.473612769792
9366.380944213404
9366.380944213315
9365.802503260453
9360.120576062409
9360.10614534567
9360.106145345568
9357.629782076652
9333.085092416333
9328.836986223983
9328.836986223918
9325.233647575384
9239.574256354284
9235.644253298362
9235.644253298318
9230.298109429716
9211.616833032675
9204.619112102226
9204.619112102147
9198.273310828314
9184.61023234012
9182.154209197644
9182.154209197595
9179.245555483256
9171.48307334325
9169.220969986804
9169.220969986647
9168.733748569954
9166.993222792747
9160.615753752978
9160.615753752894
9157.364261311359
9157.364261311252
9157.17845065115
9156.601107020731
9156.244363375894
9155.783256067678
9155.783256067609
9155.230133876214
9153.075882669584
9152.607506873144
9152.607506873112
9151.484093692488
9149.033250994597
9145.34840613338
9141.71558020245
9140.85564170117
9140.855641701084
9138.551934794998
9138.551934794928
9138.425881728052
9137.51269014356
9134.2559103491
9126.463093185208
9126.463093185126
9123.34991408732
9122.717325136708
9122.717325136604
9121.4860793722
9119.353421603999
9116.395695889616
9114.584924468627
9113.467443412117
9113.467443412108
9106.710068232123
9106.300775855521
9106.248369307537
9106.248369307466
9105.095046392942
9101.771825983902
9101.771825983866
9101.562290180014
9100.445404915086
9100.445404914923
9099.355990144513
9092.800225280847
9089.882135508718
9087.241348884709
9087.241348884649
9083.677879382903
9082.688583067875
9080.99658456735
9078.540437008172
9078.540437008134
9078.281300790653
9078.281300790599
9077.949600164042
9076.817494677087
9075.20069384306
9074.443818679454
9074.443818679414
9073.503300949076
9067.476537274373
9067.476537274226
9067.155567578508
9067.114537940395
9048.743972436952
9047.723947659148
9047.723947658962
9046.790988793264
9036.936977843316
9036.93364921097
9036.93364921089
9036.929300752197
8991.82799992726
8988.435535126267
8988.43553512623
8984.969587090607
8946.252151654267
8946.245610593634
8946.245610593503
8946.234101056869
8932.234257421027
8930.149858470246
8930.149858470235
8928.220418232904
8873.053279007549
8870.845716068145
8870.845716068097
8868.561374776189
8862.729045680457
8862.20102338964
8862.201023389594
8861.308348754621
8853.793657880502
8852.118621381689
8852.118621381514
8847.054986468336
8847.043910790817
8846.311362353357
8846.311362353244
8845.98179908708
8843.357408713448
8834.752061029949
8834.752061029809
8829.32606182528
8817.557237480083
8815.100526318522
8815.10052631838
8813.601922901109
8811.542375375144
8811.542375375084
8811.373240557858
8810.81392817711
8799.713130531489
8798.461034095166
8798.461034095142
8798.215296476774
8786.848920796201
8786.848920796116
8784.963909439188
8784.166649381827
8782.950961845992
8782.137573206695
8782.137573206672
8781.408064106836
8781.134403365599
8780.386523933319
8778.353893192474
8778.353893192454
8768.49632690366
8766.165744492686
8766.16574449267
8759.458795579618
8757.398598801847
8757.321132751797
8754.909159643377
8754.909159643328
8749.977146195628
8747.81441414179
8747.81441414177
8741.877589754871
8733.62294216083
8732.58094610464
8732.580946104626
8731.870423173115
8731.828714004
8731.190403739016
8730.703906294799
8730.70390629466
8721.914077662295
8721.51690118576
8721.516901185736
8720.33549226523
8715.104073360486
8715.104073360399
8715.040460335948
8714.874921953335
8712.443696244074
8707.89922432756
8707.89922432752
8704.676937608832
8702.234986025895
8698.46969550453
8698.469695504433
8690.058470626871
8687.228407863735
8681.289378071851
8681.289378071739
8680.37196385152
8670.40639994072
8667.992022231781
8667.992022231774
8664.805346435473
8661.340865518516
8661.340865518509
8660.538397627113
8660.28883771305
8659.112192616743
8653.04700862688
8653.047008626818
8646.805788793532
8645.590022153005
8644.504227185638
8644.504227185635
8642.873105230754
8642.714758159238
8634.336108424528
8634.336108424503
8628.356736771872
8624.0604788189
8621.14043802178
8619.918223817276
8619.918223817263
8618.176757494843
8618.176757494703
8617.087186089871
8610.995579244307
8610.96300702909
8607.21446308305
8607.214463083026
8605.925686609495
8601.435115953367
8601.43511595331
8601.120858126777
8599.782974906837
8598.421779486596
8594.539006095616
8594.539006095483
8592.666728867674
8586.714402631
8584.9199825346
8584.919982534384
8582.281611733491
8577.681101700848
8576.737891717888
8576.73789171788
8576.715404972074
8575.871999389852
8575.476618861854
8575.476618861836
8574.606004441976
8573.21963386787
8571.00447487176
8571.004474871668
8570.427042001802
8568.911225340387
8567.199370123803
8566.883345275142
8566.883345275115
8566.322153966832
8566.322153966672
8565.40556816133
8564.44495279594
8563.868277918835
8563.868277918718
8563.741728743878
8563.194866233911
8562.061340297932
8560.564726235072
8560.564726234978
8559.907679245143
8556.231581528466
8556.039409985951
8556.039409985939
8555.812562569387
8540.141875203599
8539.499187835134
8539.499187835001
8538.54292103234
8536.105005708252
8536.016801923937
8535.898324256208
8535.898324256172
8527.694886329013
8526.130465300046
8526.130465299999
8524.424888003172
8521.431747734738
8520.580328381464
8520.580328381446
8519.943909877986
8516.432314621285
8516.40863561143
8516.408635611286
8516.367382986093
8509.895347876789
8508.05194355577
8508.05194355575
8507.457397434171
8505.214038248614
8505.21403824851
8504.875670114225
8504.650957933833
8499.101043906041
8498.917552211768
8498.917552211678
8498.48656824297
8498.340596029007
8496.928828106385
8496.928828106353
8496.073822505456
8489.800009391201
8489.472777777808
8489.472777777639
8489.174251726974
8487.607524808256
8487.233228835928
8487.233228835823
8487.078477414887
8482.751937757017
8482.18090638383
8482.180906383826
8481.855750096025
8480.32234458185
8480.322344581662
8480.028360155133
8477.329123766272
8476.85400868466
8470.627087367853
8470.627087367839
8460.854866278592
8458.94793841754
8455.574356331372
8455.513703904544
8454.948045976713
8454.948045976673
8451.909500629989
8451.909500629961
8451.736904745852
8449.875283916128
8448.558433528155
8448.558433527971
8448.537860103288
8447.626367664458
8447.626367664392
8447.133887617027
8444.810044651682
8439.378355796513
8437.121090623037
8437.121090622937
8434.322151283957
8431.96246519649
8431.314941413837
8431.314941413792
8430.376412033065
8428.775310662104
8428.775310661971
8427.394817318083
8427.209299782337
8426.634129485496
8426.470202685598
8425.030838599712
8425.030838599705
8405.654177967459
8401.535702228122
8401.535702228042
8392.18974046866
8390.79054790497
8383.279524600835
8383.165836268545
8383.165836268425
8361.381802107642
8356.762558873035
8356.762558872915
8350.905123315017
8346.666322402472
8346.666322402434
8346.28341205636
8345.08346137847
8339.349750960953
8334.8515854246
8334.851585424462
8328.354120471187
8323.056866997431
8321.82105760153
8321.821057601466
8321.458544675297
8307.437326442803
8307.373971684538
8307.373971684377
8306.202652453876
8302.021899764755
8302.021899764703
8301.652359914746
8301.553105562816
8296.160227427517
8294.569872272768
8294.569872272736
8293.121525373996
8292.686292217026
8286.334725727813
8286.334725727787
8280.73267518348
8270.516413232623
8266.702734297636
8266.702734297536
8265.395385776681
8261.669822419804
8261.593152849211
8261.593152848982
8259.12467714678
8254.902669998584
8240.819308820805
8240.819308820708
8230.340962633361
8225.414125631432
8222.929917502539
8219.937282445067
8219.937282445022
8216.447951813008
8215.59869701039
8215.598697010388
8213.055079974043
8199.652755305124
8199.652755305075
8196.614872861694
8190.417047607703
8186.439636205205
8186.383074248324
8186.383074248215
8186.082907539127
8183.849420609785
8182.276950810233
8182.276950810216
8173.809608438584
8173.321519176361
8170.569478680887
8170.126634340896
8170.126634340884
8166.170456089455
8154.470574862045
8154.47057486203
8148.924255981031
8148.458275085164
8148.458275085148
8148.273676765396
8144.021167274974
8141.516294789388
8132.70192946939
8132.701929469331
8131.055010572854
8129.841084466253
8129.841084466206
8129.745279363057
8127.8216327623795
8125.572863302097
8116.687571762882
8116.687571762819
8111.812144069616
8111.510310398241
8110.728591656259
8110.728591656247
8108.952308717325
8098.243061793
8093.837515287653
8093.837515287648
8092.647583712071
8088.157127892498
8088.157127892451
8087.636370787445
8083.496737276694
8082.48771921729
8082.170434375863
8082.170434375828
8081.843336796461
8075.826130122139
8070.091963929046
8070.091963929023
8068.074401823664
8061.264599622045
8060.431467758845
8060.431467758803
8056.368188969574
8053.589681316194
8049.996891150947
8049.9968911508695
8046.681909189344
8044.126642908026
8041.313276659256
8041.313276659243
8030.467883567641
8030.4137198930375
8020.822991393317
8020.822991393304
8018.213519326489
8017.466856543044
8013.233366842216
8013.233366842168
8010.173278174349
7996.5696646113265
7996.0424473888215
7996.042447388798
7995.485037430997
7985.160922918768
7984.242417096724
7984.242417096662
7983.4055242245295
7974.137532768015
7973.977355683222
7973.977355683123
7973.582864555284
7972.337138579862
7970.507800133658
7970.507800133518
7967.6948405306775
7966.149053194693
7962.609476139181
7962.609476139157
7958.679717657749
7957.1015403967995
7953.783035016594
7953.783035016593
7952.063879128267
7945.402774729277
7944.866280088619
7944.866280088601
7944.303915087504
7926.075335486588
7924.998954964729
7924.998954964688
7924.227070066887
7922.514027771255
7921.761514391819
7921.761514391804
7920.848697656926
7919.229530470066
7918.7146079309
7918.714607930792
7918.092696437311
7893.61807536225
7893.618075362235
7893.389776318698
7892.01530974997
7885.302433385631
7883.386632646572
7883.386632646553
7883.20359948462
7872.312664552416
7872.000441087573
7872.000441087516
7871.645855125215
7864.815928252091
7863.48727424988
7863.487274249806
7860.603504372652
7856.381893974131
7853.7066930355395
7853.706693035465
7852.875247839415
7851.991644073921
7851.85270807885
7850.434451434919
7850.434451434897
7846.915744392874
7846.915744392767
7846.018117272079
7844.289179809604
7843.607824653478
7841.7077727839
7841.707772783837
7841.636006389682
7829.5047558800225
7829.504755880019
7829.2627867862175
7828.424868845279
7825.6986000562865
7825.075931869927
7825.075931869813
7824.745736855446
7820.681292737743
7818.256474662787
7818.256474662682
7814.59385434502
7799.8242849208455
7795.32174318714
7795.321743187073
7790.678107713957
7775.875829518613
7772.298733949282
7772.298733949264
7770.162466248716
7762.878829217479
7760.9630158384725
7760.963015838472
7757.161579939583
7755.160378562854
7754.755372143027
7754.755372143024
7754.257210215395
7753.859527229384
7750.584503502167
7750.584503502049
7747.875325107727
7740.68497497593
7739.927260600364
7739.927260600259
7739.802714016183
7737.356945809834
7735.676781215432
7735.676781215315
7733.98835059178
7733.754136701384
7732.323349340734
7732.323349340694
7725.518671533866
7723.9716505057695
7716.728520856029
7716.728520855996
7715.299630008208
7711.247471207541
7706.748786045704
7706.7487860455785
7701.704194773641
7671.598066516439
7667.639573746327
7667.639573746284
7664.590359600992
7660.543493795768
7660.54202466658
7660.54202466645
7660.5390445614075
7660.535627039212
7660.529884798023
7660.5283133117055
7660.528313311542
7660.525121032706
7660.525121032584
7660.524789853751
7660.5062518682425
7660.50600253523
7660.496889208539
7660.49633875678
7660.496338756755
7649.281750801124
7649.014864420534
7649.014864420501
7647.421996460405
7646.99019688251
7644.9240268976055
7644.92402689749
7643.992594789644
7643.037857878338
7641.634736739867
7641.634736739847
7636.507138927312
7627.714443638778
7622.972154855868
7622.972154855833
7622.243652897778
7604.42208467101
7604.184105277808
7604.184105277731
7603.3842152278075
7602.314624805115
7599.667876457961
7599.667876457952
7596.532188247796
7590.856823595333
7590.060675599055
7589.000756506343
7589.000756506275
7588.262192898207
7581.948950215566
7580.0845725321215
7580.08457253212
7572.008575409268
7572.008575409226
7569.570812553835
7565.864916595221
7565.864916595213
7562.061444012089
7559.39433910768
7555.675566445837
7554.46007328899
7547.035672149572
7540.828878944639
7540.82887894461
7535.8588829485525
7534.052418202161
7534.052418202069
7526.630457622111
7524.912012648395
7523.500139640196
7523.4347172204425
7523.43471722031
7519.99672927937
7519.4445426529255
7519.444542652855
7517.610243908865
7512.92304880309
7512.923048803056
7511.192399908045
7510.3440007565505
7509.753429835754
7508.868197733251
7508.400989109465
7508.298909775291
7508.29890977523
7500.515740341576
7500.515740341499
7495.750799044538
7492.4316795921695
7489.1967812845105
7488.722740235774
7488.722740235751
7487.474806943212
7485.083327374969
7485.083327374924
7481.919661081116
7481.258890305473
7478.480355165004
7478.002143236445
7478.002143236398
7475.708853752903
7475.7088537528925
7472.336304841835
7469.812497219031
7468.386733361295
7467.199791167821
7465.641689335279
7465.64168933522
7464.817209647635
7464.817209647623
7464.32644609986
7464.224100505041
7456.885252030337
7455.803062035372
7455.803062035336
7453.849855327553
7448.494100874738
7444.3866278271
7444.386627827072
7441.051650804094
7431.066151888951
7428.286485353914
7428.286485353913
7425.78101237508
7404.819163187736
7404.329562252893
7404.098408430964
7404.098408430896
7394.154315998257
7390.889322601969
7390.8893226019545
7388.482997647866
7384.844279552098
7383.793961200673
7383.793961200658
7383.0289222632555
7381.772370105245
7381.772370105238
7379.510177755152
7379.370820662287
7378.891554166281
7377.236940177038
7377.236940177013
7377.090254069197
7364.792779033923
7360.965600250881
7360.965600250826
7355.342727803449
7347.2548212351985
7346.644493631352
7346.644493631284
7346.005179639079
7344.17608720334
7340.994166196679
7340.994166196614
7340.2944291630165
7340.167069818619
7338.23055885346
7338.230558853458
7336.36163346353
7335.53336254614
7334.049082910855
7333.883472101898
7333.883472101844
7333.261174519251
7333.261174519228
7332.794490258156
7332.483171877878
7328.970313926281
7328.970313926116
7328.6206054320155
7328.386662279082
7326.8300529706175
7326.5305819418
7326.530581941798
7325.888959615599
7320.639850988368
7320.197326836066
7320.197326836037
7319.64683028626
7318.006358918301
7317.970365909974
7317.596242149081
7317.59624214903
7311.309848461021
7308.793659771844
7308.793659771818
7307.764697484703
7306.135171915095
7306.135171914913
7306.0205450153235
7305.460145291872
7304.999826133296
7303.9386297611945
7303.938629761071
7301.2462817941605
7298.366082656594
7297.578555381436
7297.578555381359
7297.383767153415
7296.201289583978
7296.201289583852
7296.072777401263
7295.765149022151
7293.150984350132
7291.90016023399
7291.900160233966
7290.539682550991
7288.596448523605
7284.495332689828
7284.495332689791
7282.175584187943
7281.286392781496
7278.676520374888
7278.582458073968
7278.582458073959
7277.405610255591
7277.405610255509
7276.008112790035
7275.882514592283
7274.258545310375
7273.650319206269
7273.6503192062655
7273.195235464567
7272.369399800834
7271.037520239586
7271.037520239345
7269.406223153798
7264.548583228833
7264.548583228732
7264.260403013496
7263.084686254018
7248.985675063619
7244.8737875943025
7244.873787594234
7244.066785394936
7244.045831653384
7243.319754406306
7243.319754406262
7241.786735189002
7231.919421710022
7231.202778644339
7231.202778644301
7226.826691341096
7225.399793257196
7220.841590065049
7220.841590065029
7212.88931969098
7209.618145898757
7208.608302840367
7206.9394793808515
7206.939479380817
7202.717702811908
7192.758722032155
7192.758722032082
7189.78206015326
7183.4976119906705
7183.497611990659
7182.8826429344435
7180.1065766063
7178.071766857879
7177.8174537676405
7175.7041119319065
7175.704111931769
7172.233218540367
7169.995089167107
7169.995089167034
7163.8766028172095
7163.564510731876
7157.46039859327
7157.460398593235
7151.600660822533
7151.539622888726
7151.53962288862
7150.944289270946
7142.21517644812
7142.200194796372
7140.014401390665
7140.014401390539
7138.363331935358
7135.490098335667
7135.490098335632
7135.1935508368
7133.431645595118
7131.357068087504
7131.249029673221
7128.065241849815
7128.065241849808
7126.031319679268
7125.611428030643
7124.224198498023
7124.224198497894
7116.541380742831
7114.684818864829
7114.684818864766
7113.316332868981
7112.684317301077
7109.525185342653
7109.525185342604
7103.394590808228
7101.048716262146
7101.048716262095
7099.359740921823
7093.70322349174
7089.2424847180555
7089.242484718047
7088.27685480073
7084.637352007203
7081.519706053008
7078.9751050000095
7068.62285724128
7066.245187060676
7066.245187060626
7061.88375212179
7061.8837521216665
7058.243606755504
7052.564640349866
7050.627210342782
7050.6272103427555
7042.542964415035
7040.5193759030135
7038.164020794133
7038.164020794032
7035.221663107429
7034.459081668916
7034.4590816688315
7033.435171348888
7031.217037603174
7030.09164018374
7025.843896561835
7025.8438965617925
7014.936745466179
7014.936745466169
7013.348476012302
7012.983616029748
7010.054918394751
7009.2491271664885
7001.545380476273
6998.728829686288
6998.728829686271
6993.017101426471
6992.337638279733
6992.337638279672
6989.093185358828
6986.362206981681
6986.362206981612
6986.133239448376
6979.625125931547
6978.701875241786
6973.411240546089
6973.411240546079
6970.817279520634
6970.667805469362
6968.30189506721
6967.68961274271
6967.689612742689
6961.262812278126
6959.039632039799
6959.039632039793
6957.894664217742
6954.040018604343
6953.18966687213
6953.1896668721
6950.92070591432
6945.2355467377465
6944.488235845294
6944.488235845249
6944.459068013424
6934.492508866637
6931.638660479264
6930.240088130523
6930.240088130486
6925.92715292552
6920.944048132885
6920.94404813272
6919.298648240691
6916.413383055554
6916.413383055485
6916.229710892033
6915.292939814634
6913.50234511958
6913.220311270587
6913.220311270551
6909.731115594522
6909.316820505997
6905.039754684679
6904.793995431262
6904.7939954311505
6903.635363786699
6903.635363786677
6898.358099985386
6894.878416365339
6894.599630283863
6893.060075446319
6893.0600754462075
6892.786358341258
6887.74855160921
6887.748551609056
6886.230526431367
6885.874198732858
6885.427693657464
6882.851797291998
6882.428659118631
6882.4286591186265
6880.466822966783
6880.466822966705
6879.867925503122
6878.175061705282
6875.90625906238
6874.5734027165045
6872.87558349755
6872.875583497383
6872.678574643522
6866.629905208089
6865.636444716034
6865.636444716023
6855.7731521304195
6855.773152130335
6855.742440349695
6855.686729622479
6851.205142331549
6848.740635151869
6848.7406351516765
6847.95477048432
6846.190255862309
6845.556041567664
6845.556041567659
6840.919098855619
6837.660446835298
6837.269377705375
6837.26937770537
6834.5686924343845
6832.437586440618
6830.805281258936
6830.8052812589
6823.832907958529
6822.586570633572
6819.712066195934
6819.712066195885
6817.365909393284
6813.118775862319
6806.894614685834
6806.894614685748
6803.25213581045
6803.172618633078
6803.172618633069
6802.226132199162
6800.532034971099
6800.460539244529
6798.0435361062355
6797.094355076148
6797.094355076003
6787.583819416744
6787.232509698922
6787.232509698901
6783.3875116189965
6782.010734667279
6776.484364031851
6776.341074069777
6776.341074069676
6775.701021222092
6768.3699894930205
6768.369989492996
6764.116725358283
6763.316578365708
6763.079998381746
6763.079998381732
6762.3773520938375
6761.870008968032
6761.582970156355
6761.582970156336
6756.417125050274
6755.664768190568
6754.6339236320855
6754.362467603508
6754.362467603442
6752.972133242838
6748.054144720485
6748.054144720435
6743.761695519321
6740.203230108445
6739.092096144753
6739.092096144677
6735.716558772698
6734.886080608179
6734.22334046435
6732.809707001058
6732.809707000973
6729.101536601371
6726.468116636803
6726.468116636755
6725.093945351934
6723.525598721762
6720.122213801661
6720.122213801634
6718.997571358988
6714.314928942467
6714.314928942371
6714.058573495953
6702.620082229373
6700.140975972979
6697.95689992734
6697.956899927296
6694.472494368917
6690.243242545442
6679.268378268682
6679.268378268635
6677.4991218771875
6668.036919074108
6666.42255431932
6665.500736553098
6665.500736553095
6661.44099242816
6661.440992428149
6657.523117961186
6654.91943770388
6654.919437703833
6653.756188661438
6649.868065233732
6649.154474707617
6645.759371027718
6645.545956930085
6645.545956930026
6643.887351014464
6642.829495341348
6642.779600897649
6627.00526090744
6627.005260907422
6621.105740963692
6621.105740963641
6620.017997709773
6617.272108686435
6613.923754197054
6613.435946533762
6613.435946533736
6610.497057974555
6607.851694567749
6605.034121911768
6605.03412191175
6602.292827183039
6600.834435323665
6595.649075861082
6595.443503581393
6595.443503581349
6595.130045229771
6594.931247551443
6593.314878602243
6593.31487860217
6592.201231617804
6592.20123161777
6591.572273238821
6590.018902605065
6589.940136286055
6589.940136286031
6589.3204247209505
6589.113126435256
6588.294993770432
6588.2309963875
6588.230996387474
6587.860834882725
6587.007925549163
6587.007925549062
6586.777705416042
6586.710220067489
6586.055953695576
6585.953514556232
6585.953514556146
6585.226097179582
6584.906977052666
6584.906977052658
6584.691914447186
6581.786034348777
6580.788165750083
6580.788165749988
6580.596241830122
6580.017144523929
6579.433330421225
6578.090143976439
6578.090143976306
6576.445543472162
6574.8830584460065
6574.283557643171
6574.283557643064
6574.044462452079
6573.942482975784
6573.8353253386695
6572.789471789451
6572.789471789385
6572.34253652078
6571.264713679401
6571.264713679354
6569.560017856691
6569.520300437675
6569.3979035311495
6569.3979035309885
6567.556504426558
6567.354527279318
6567.00652880192
6567.006528801899
6566.823693410357
6565.6766948828545
6565.446157049662
6565.4461570496005
6563.840408932868
6563.593225955879
6561.94077077552
6561.9407707754735
6558.793548087143
6558.267545193023
6558.267545192968
6549.348311082672
6549.281533728895
6528.269184072679
6526.541645097435
6524.599001539337
6524.599001539312
6518.769171986434
6516.447261041189
6515.851999008784
6515.851999008732
6515.202667518213
6513.781173020352
6513.355278854844
6513.355278854786
6509.827739067056
6509.2382120681295
6509.238212068119
6509.124841112633
6508.156996586887
6506.248371784767
6505.11545347315
6505.115453473124
6477.39128377799
6477.047106733386
6463.881336268459
6463.881336268447
6439.364404618741
6439.364404618731
6400.000000000042
6400.000000000037
6400.000000000023
6400.000000000018
6400.000000000018
6400.000000000017
6400.000000000015
6400.000000000008
6400.000000000008
6400.000000000007
6400.000000000006
6400.0000000000055
6400.0000000000055
6400.000000000005
6400.000000000004
6400.000000000004
6400.000000000004
6400.000000000004
6400.000000000003
6400.000000000003
6400.000000000003
6400.000000000002
6400.000000000002
6400.000000000002
6400.000000000001
6400.000000000001
6400.000000000001
6400.0
6400.0
6400.0
6400.0
6400.0
6400.0
6400.0
6400.0
6399.999999999999
6399.999999999999
6399.999999999999
6399.999999999999
6399.999999999998
6399.999999999998
6399.999999999998
6399.999999999998
6399.999999999998
6399.999999999998
6399.999999999996
6399.999999999996
6399.999999999995
6399.9999999999945
6399.9999999999945
6399.9999999999945
6399.9999999999945
6399.9999999999945
6399.9999999999945
6399.999999999994
6399.999999999994
6399.999999999993
6399.999999999992
6399.999999999992
6399.99999999999
6399.999999999989
6399.999999999987
6399.999999999983
6399.99999999998
6399.99999999998
6399.999999999979
6399.9999999999645
6399.999999999936
6360.635595381327
6360.635595381199
6336.118663731631
6336.118663731593
6322.95289326672
6322.6087162219255
6294.884546526916
6294.884546526823
6293.751628215268
6291.843003413175
6290.875158887354
6290.761787931922
6290.7617879318595
6290.172260932991
6286.644721145224
6286.644721145214
6286.218826979654
6284.797332481766
6284.1480009913475
6284.148000991347
6283.552738958839
6281.23082801354
6275.400998460755
6275.4009984607455
6273.458354902573
6271.73081592731
6250.7184662710815
6250.651688917308
6241.73245480698
6241.732454806942
6241.206451912742
6238.059229224624
6238.059229224567
6236.406774044158
6236.159591067159
6234.55384295038
6234.553842950335
6234.323305117278
6233.176306589725
6232.993471198087
6232.993471198048
6232.645472720696
6232.443495573495
6230.602096469027
6230.602096468921
6230.479699562352
6230.439982143284
6228.735286320659
6228.7352863206115
6227.657463479271
6227.210528210638
6227.2105282106
6226.164674661318
6226.057517024275
6225.9555375479795
6225.716442356955
6225.7164423568975
6225.116941554052
6223.55445652781
6221.909856023634
6221.90985602357
6220.566669578784
6219.9828554760825
6219.403758169875
6219.21183425003
6219.211834249976
6218.213965651204
6215.308085552807
6215.0930229473515
6215.093022947331
6214.773902820453
6214.046485443883
6214.0464854438405
6213.944046304513
6213.289779932512
6213.222294584099
6212.992074450976
6212.992074450974
6212.13916511723
6211.769003612521
6211.769003612517
6211.7050062296485
6210.886873564778
6210.679575279064
6210.0598637140665
6210.059863713937
6209.981097394885
6208.427726761234
6207.798768382442
6207.7987683823885
6206.685121397848
6206.685121397847
6205.068752448644
6204.869954770265
6204.556496418633
6204.55649641861
6204.350924139039
6199.165564676462
6197.707172817011
6194.965878088291
6194.965878088261
6192.148305432212
6189.50294202541
6186.564053466361
6186.564053466285
6186.0762458029885
6182.727891313599
6179.982002290163
6178.894259036382
6178.894259036326
6172.994739092655
6172.994739092611
6157.220399102325
6157.170504658789
6156.112648985525
6154.454043070098
6154.454043069983
6154.240628972417
6150.8455252923995
6150.131934766442
6146.243811338599
6145.080562296222
6145.080562296206
6142.476882038902
6138.559007571941
6138.559007571902
6134.499263446962
6134.499263446847
6133.577445680726
6131.963080925938
6122.500878122843
6120.731621731477
6120.731621731436
6109.7567574546565
6105.52750563119
6102.0431000727995
6102.043100072739
6099.859024027119
6097.3799177705605
6085.94142650394
6085.685071057597
6085.68507105755
6081.002428640962
6079.877786198337
6079.877786198303
6076.474401278245
6074.906054648092
6073.531883363265
6073.531883363223
6070.89846339874
6067.190292999041
6067.190292999028
6065.776659535673
6065.113919391799
6064.283441227352
6060.907903855318
6060.907903855297
6059.7967698915545
6056.238304480706
6051.945855279562
6051.945855279499
6047.027866757221
6045.63753239659
6045.637532396567
6045.366076367904
6044.335231809546
6043.582874949864
6038.417029843735
6038.417029843637
6038.129991031999
6037.622647906181
6036.9200016183195
6036.920001618299
6036.683421634419
6035.883274641762
6031.630010506994
6031.630010506952
6024.298978777876
6023.658925930305
6023.6589259302655
6023.5156359681005
6017.9892653326815
6016.61248838109
6012.767490301135
6012.76749030112
6012.416180583222
6002.905644923934
6002.905644923847
6001.956463893895
5999.539460755433
5999.467965028989
5997.773867800832
5996.8273813670685
5996.827381367051
5996.74786418962
5993.105385314247
5993.105385314206
5986.881224137682
5982.634090606752
5980.2879338042085
5980.287933804164
5977.4134293664765
5976.1670920415
5969.1947187410715
5969.194718741032
5967.562413559358
5965.431307565696
5962.730622294711
5962.730622294651
5962.339553164745
5959.080901144477
5954.4439584323745
5954.443958432321
5953.809744137714
5952.045229515728
5951.259364848377
5951.259364848373
5948.7948576685585
5944.3132703775655
5944.257559650355
5944.226847869774
5944.226847869689
5934.3635552839905
5934.363555283971
5933.370094791943
5927.321425356479
5927.124416502627
5927.124416502566
5925.426597283482
5924.093740937595
5921.824938294755
5920.132074496955
5919.533177033325
5919.533177033265
5917.5713408814145
5917.571340881389
5917.148202708038
5914.5723063425985
5914.125801267135
5913.7694735687155
5912.251448390889
5912.251448390873
5907.213641658732
5906.939924553812
5906.939924553769
5905.4003697161825
5905.121583634695
5901.641900014673
5896.364636213292
5896.364636213234
5895.206004568875
5895.206004568774
5894.960245315378
5890.683179494068
5890.268884405412
5886.779688729627
5886.779688729573
5886.497654880422
5884.707060185401
5883.770289107928
5883.586616944521
5883.586616944457
5880.701351759318
5879.055951867314
5879.055951867307
5874.072847074579
5869.759911869581
5869.759911869476
5868.361339520776
5865.507491133374
5855.540931986513
5855.5117641548
5855.511764154762
5854.76445326236
5849.079294085594
5846.810333127932
5846.81033312789
5845.959981395754
5842.105335782258
5840.9603679601605
5840.960367960154
5838.73718772188
5832.310387257339
5832.310387257301
5831.698104932762
5829.332194530639
5829.1827204793135
5826.588759453963
5826.588759453953
5821.298124758232
5820.374874068448
5813.866760551654
5813.637793018421
5813.637793018417
5810.906814641247
5807.6623617204295
5807.662361720312
5806.982898573636
5801.271170313706
5801.271170313677
5798.454619523623
5790.750872833645
5789.945081605301
5787.016383970273
5786.651523987727
5785.063254533929
5785.063254533882
5774.156103438238
5774.156103438224
5769.9083598163015
5768.782962396833
5766.56482865112
5765.540918331184
5765.540918331093
5764.778336892564
5761.835979205959
5761.8359792058745
5759.480624097
5757.457035584952
5749.372789657285
5749.372789657219
5747.43535965017
5741.756393244618
5738.116247878341
5738.116247878307
5733.754812939433
5733.754812939362
5731.377142758697
5721.0248950000505
5718.480293947004
5715.362647992758
5711.723145199229
5710.75751528197
5710.757515281967
5706.296776508207
5700.640259078106
5698.951283737931
5698.95128373792
5696.605409191827
5690.474814657441
5690.474814657411
5687.315682698878
5686.683667130941
5685.315181135273
5685.3151811352545
5683.458619257152
5675.7758015021
5675.775801502049
5674.388571969469
5673.968680320841
5671.934758150226
5671.934758150197
5668.750970326762
5668.642931912582
5666.568354404899
5664.806449163247
5664.509901664341
5664.509901664335
5661.6366680647925
5659.985598609484
5659.985598609415
5657.799805203607
5657.784823551917
5649.055710729166
5648.460377111344
5648.460377111309
5648.399339177434
5642.539601406782
5642.5396014067765
5636.435489268098
5636.123397182877
5630.0049108329495
5630.004910832912
5627.766781459574
5624.295888068296
5624.295888068247
5622.18254623237
5621.9282331420845
5619.89342339375
5617.117357065476
5616.502388009352
5616.5023880092585
5610.217939846765
5607.24127796791
5607.241277967881
5597.282297188138
5593.06052061913
5593.060520619119
5591.391697159649
5590.38185410126
5587.110680309088
5579.158409934987
5579.158409934978
5574.600206742776
5573.173308658906
5568.79722135574
5568.797221355644
5568.080578289936
5558.213264811003
5556.68024559376
5556.680245593724
5555.954168346689
5555.9332146051565
5555.126212405837
5555.126212405771
5551.014324936291
5536.915313746008
5535.73959698648
5535.451416771274
5535.45141677118
5530.593776846112
5528.96247976059
5528.962479760542
5527.630600199008
5526.804764535376
5526.349680793805
5526.349680793786
5525.74145468966
5524.117485407776
5523.991887210108
5522.594389744553
5522.594389744386
5521.417541926139
5521.417541926057
5521.32347962507
5518.713607218518
5517.824415812162
5515.504667310163
5515.504667310162
5511.403551476431
5509.460317449021
5508.0998397661
5508.099839766072
5506.849015649824
5504.234850977779
5503.927222598832
5503.798710416185
5503.798710416158
5502.616232846578
5502.421444618592
5502.421444618558
5501.633917343428
5498.753718205876
5496.061370238975
5496.061370238926
5495.000173866703
5494.539854708085
5493.9794549848375
5493.86482808502
5493.864828084972
5492.235302515381
5491.206340228232
5491.2063402282265
5488.690151539055
5482.403757851013
5482.403757850962
5482.029634090135
5481.9936410818345
5480.353169713759
5479.8026731640075
5479.802673163934
5479.360149011654
5474.111040384352
5473.469418058288
5473.469418058228
5473.169947029411
5471.6133377208735
5471.379394568159
5471.02968607389
5471.029686073882
5467.516828122236
5467.205509741809
5466.738825480809
5466.73882548073
5466.116527898165
5466.116527898117
5465.9509170892325
5464.466637453965
5463.638366536228
5461.769441146583
5461.769441146534
5459.832930181407
5459.705570837061
5459.00583380341
5459.0058338033205
5455.823912796733
5453.994820361015
5453.35550636875
5453.355506368704
5452.745178764824
5444.657272196557
5439.034399749163
5439.034399749033
5435.207220966124
5422.9097459308205
5422.763059822992
5422.763059822979
5421.108445833624
5420.629179337757
5420.489822244853
5418.227629894811
5418.2276298947945
5416.971077736673
5416.2060387994625
5416.206038799372
5415.15572044791
5411.517002352131
5409.110677398094
5409.110677398016
5405.845684001771
5395.901591569132
5395.9015915690625
5395.670437747185
5395.180836812303
5374.2189876249895
5371.7135146461715
5371.71351464613
5368.933848111098
5358.948349195889
5355.613372173016
5355.613372172957
5351.5058991252845
5346.150144672399
5344.196937964702
5344.1969379646935
5343.114747969653
5335.775899494957
5335.67355390012
5335.182790352469
5335.182790352402
5334.358310664757
5334.358310664682
5332.800208832173
5331.6132666387875
5330.187502780952
5327.663695158176
5324.291146247093
5324.291146247065
5321.997856763598
5321.9978567635135
5321.519644835014
5318.741109694633
5318.080338918879
5314.916672625073
5314.916672625032
5312.525193056769
5311.277259764249
5311.277259764242
5310.803218715534
5307.568320407795
5304.249200955458
5299.484259658521
5299.48425965845
5291.701090224871
5291.701090224855
5291.59901089052
5291.1318022667565
5290.246570164326
5289.6559992433695
5288.807600091933
5287.076951197003
5287.076951196929
5282.38975609111
5280.555457347127
5280.555457347114
5280.003270720679
5276.56528277968
5276.565282779597
5276.499860359911
5275.0879873515405
5273.369542377892
5265.947581797895
5265.947581797795
5264.141117051443
5259.171121055377
5259.171121055354
5252.964327850494
5245.539926711031
5244.324433554221
5240.605660892445
5237.9385559880575
5234.135083404825
5234.1350834047935
5230.4291874463925
5227.991424590802
5227.991424590743
5219.91542746794
5219.915427467918
5218.051049784535
5211.737807101887
5210.999243493721
5210.999243493677
5209.939324400974
5209.143176404826
5203.467811752171
5200.332123542038
5200.332123542003
5197.685375194954
5196.615784772161
5195.815894722279
5195.815894722254
5195.577915329073
5177.756347102142
5177.027845144115
5177.0278451440845
5172.285556361263
5163.492861072674
5158.365263260219
5158.365263260136
5156.962142121726
5156.007405210375
5155.0759731025855
5155.075973102553
5153.00980311748
5152.5780035396965
5150.985135579587
5150.985135579568
5150.718249198853
5139.503661243268
5139.503661243243
5139.503110791573
5139.49399746477
5139.4937481318975
5139.475210146458
5139.474878967441
5139.4748789674395
5139.471686688517
5139.47168668845
5139.47011520208
5139.464372960816
5139.460955438641
5139.457975333564
5139.457975333547
5139.456506204207
5135.409640399056
5132.360426253748
5132.360426253718
5128.401933483654
5098.295805226353
5093.251213954472
5093.251213954408
5088.752528792544
5084.700369991829
5083.271479144002
5083.271479143987
5076.028349494292
5074.481328466235
5067.676650659323
5067.676650659298
5066.245863298629
5066.011649408253
5064.323218784664
5064.323218784647
5062.643054190147
5060.197285983931
5060.072739399758
5060.072739399748
5059.315025024011
5052.12467489235
5049.415496497972
5049.415496497927
5046.140472770677
5045.742789784676
5045.244627857034
5045.244627856947
5044.839621437179
5042.83842006052
5039.03698416162
5039.036984161606
5037.121170782568
5029.8375337514235
5027.701266050752
5027.70126605075
5024.1241704814165
5009.321892285993
5004.678256812927
5004.678256812822
5000.175715079165
4985.406145654958
4981.743525337296
4981.743525337255
4979.318707262123
4975.254263144563
4974.924068130208
4974.924068130194
4974.301399943799
4971.575131154847
4970.7372132139235
4970.495244120048
4970.495244120042
4958.363993610321
4958.292227216196
4958.292227216099
4956.392175346528
4955.7108201905
4953.981882727958
4953.084255607134
4953.08425560712
4949.56554856517
4949.565548565128
4948.147291921202
4948.008355926113
4947.124752160644
4946.293306964545
4946.293306964462
4943.618106025922
4939.396495627466
4936.5127257501435
4936.5127257501335
4935.184071747956
4928.354144874833
4927.999558912516
4927.9995589124865
4927.687335447672
4916.79640051541
4916.613367353555
4916.613367353551
4914.697566614436
4907.98469024998
4906.610223681394
4906.381924637801
4906.381924637787
4881.907303562713
4881.285392069237
4881.285392069236
4880.770469529987
4879.1513023431435
4878.238485608301
4878.238485608277
4877.48597222879
4875.772929933152
4875.001045035334
4875.001045035317
4873.924664513394
4855.696084912433
4855.133719911402
4855.133719911356
4854.597225270796
4847.936120871794
4846.2169649834295
4846.216964983336
4842.898459603266
4841.320282342235
4837.390523860811
4837.390523860795
4833.850946805327
4832.305159469286
4829.492199866415
4829.492199866399
4827.66286142007
4826.417135444891
4826.022644316936
4826.022644316904
4825.862467231996
4816.594475775512
4815.757582903378
4815.757582903371
4814.8390770812175
4804.514962569065
4803.957552611259
4803.957552611219
4803.430335388709
4789.826721825666
4786.766633157862
4786.766633157838
4782.533143456936
4781.78648067354
4779.177008606781
4779.177008606712
4769.586280107027
4769.532116432343
4758.686723340776
4758.6867233407165
4755.873357092041
4753.318090810729
4750.003108849137
4750.003108849066
4746.410318683802
4743.631811030462
4739.568532241273
4739.568532241212
4738.73540037798
4731.925598176397
4729.908036070983
4729.908036070967
4724.173869877913
4718.156663203515
4717.829565624188
4717.829565624158
4717.5122807827265
4716.503262723241
4712.363629212617
4711.842872107632
4711.8428721076025
4707.352416287949
4706.162484712412
4706.162484712345
4701.756938207122
4691.047691282684
4689.271408343788
4689.271408343746
4688.48968960186
4688.1878559303395
4683.312428237214
4683.312428237208
4674.427136698073
4672.1783672377
4670.254720636912
4670.158915533863
4670.158915533841
4668.944989427166
4667.298070530654
4667.2980705306145
4658.483705210546
4655.978832725094
4651.726323234668
4651.541724914945
4651.54172491493
4651.0757440188845
4645.529425138049
4645.529425137975
4633.82954391057
4629.873365659277
4629.8733656591985
4629.430521319072
4626.678480823663
4626.190391561548
4617.723049189762
4617.723049189738
4616.150579390229
4613.9170924609425
4613.616925751834
4613.616925751714
4613.560363794829
4609.582952392255
4603.38512713834
4600.347244694978
4600.347244694855
4586.944920026083
4584.401302989603
4584.401302989584
4583.552048186983
4580.062717555023
4580.062717554988
4577.070082497525
4574.585874368465
4569.659037366759
4559.180691179361
4559.180691179309
4545.097330001438
4540.875322853261
4538.4068471510145
4538.406847150905
4538.330177580289
4534.604614223314
4533.297265702467
4533.297265702456
4529.483586767385
4519.267324816573
4513.665274272218
4513.665274272202
4507.313707783011
4506.878474626023
4505.430127727305
4505.430127727292
4503.8397725724435
4498.446894437209
4498.347640085141
4497.978100235324
4497.9781002352565
4493.797347546058
4492.626028315638
4492.626028315605
4492.5626735572705
4478.541455324625
4478.178942398637
4478.178942398608
4476.943133002653
4471.64587952872
4465.148414575506
4465.148414575441
4460.650249038937
4454.9165386216955
4453.7165879437125
4453.333677597615
4453.333677597587
4449.094876684957
4443.237441127023
4443.237441127008
4438.61819789251
4416.834163731555
4416.834163731512
4416.7204753991955
4409.209452095086
4407.810259531405
4398.464297771946
4398.464297771905
4394.345822032599
4374.969161400338
4374.969161400284
4373.52979731444
4373.3658705145945
4372.790700217649
4372.605182681784
4371.224689337941
4371.224689337897
4369.6235879668775
4368.6850585861985
4368.685058586198
4368.037534803526
4365.677848716167
4362.878909377099
4362.87890937706
4360.62164420338
4355.189955348234
4352.866112383047
4352.373632335627
4352.373632335586
4351.462139897066
4351.441566472094
4351.44156647199
4350.124716083974
4348.263095254126
4348.090499370064
4348.090499370011
4345.051954023284
4345.051954023225
4344.486296095443
4344.425643668579
4341.052061582481
4339.145133721523
4329.372912632239
4329.372912632196
4323.145991315434
4322.670876233685
4319.971639844876
4319.677655418391
4319.677655418267
4318.144249903992
4317.819093616198
4317.819093616114
4317.248062243011
4312.921522585026
4312.766771164289
4312.766771164206
4312.392475191843
4310.825748272989
4310.527222222302
4310.527222222291
4310.199990608923
4303.9261774945135
4303.071171893607
4303.0711718936
4301.659403971047
4301.5134317569455
4301.082447788363
4301.082447788355
4300.898956093988
4295.3490420661765
4295.124329885812
4294.785961751371
4294.785961751356
4292.542602565889
4291.948056444171
4291.948056444169
4290.104652123159
4283.632617013858
4283.591364388762
4283.591364388681
4283.567685378968
4280.056090122041
4279.419671618547
4279.4196716184615
4278.568252265316
4275.57511199685
4273.869534700005
4273.869534699973
4272.305113671062
4264.10167574387
4264.101675743862
4263.983198076
4263.894994291673
4261.457078967796
4260.500812165006
4260.500812164978
4259.858124796463
4244.18743743077
4243.960590014185
4243.960590014093
4243.768418471685
4240.092320754815
4239.435273764994
4239.435273764938
4237.9386597020575
4236.8051337660845
4236.258271256375
4236.131722081251
4236.131722081241
4235.555047204216
4234.594431838633
4233.677846033286
4233.677846033231
4233.11665472495
4233.116654724941
4232.800629876219
4231.088774659572
4229.572957998136
4228.995525128413
4228.995525128385
4226.780366132116
4225.393995557916
4224.523381138201
4224.52338113814
4224.128000610046
4223.284595027874
4223.262108282179
4223.2621082821315
4222.31889829928
4217.718388266692
4215.08001746559
4215.080017465576
4213.285597369245
4207.333271132384
4205.460993904641
4205.460993904599
4201.57822051325
4200.217025093127
4198.879141873245
4198.564884046729
4198.564884046691
4194.074313390608
4192.785536917087
4192.78553691707
4189.0369929711
4189.004420755815
4182.912813910179
4181.823242505316
4181.823242505296
4180.081776182925
4180.081776182844
4178.859561978323
4175.93952118107
4171.643263228147
4165.663891575561
4165.663891575516
4157.285241840724
4157.126894769185
4155.495772814404
4155.49577281437
4154.409977847054
4153.194211206362
4146.952991373169
4146.952991373125
4140.887807383239
4139.711162286954
4139.461602372886
4138.659134481502
4138.65913448146
4135.194653564581
4132.007977768306
4132.007977768257
4129.593600059352
4119.628036148412
4118.7106219282205
4118.71062192822
4112.771592136257
4109.941529373163
4101.5303044955435
4101.530304495528
4097.765013974066
4095.323062391121
4092.1007756724657
4092.100775672451
4087.556303755983
4085.125078046696
4084.9595396641193
4084.8959266396328
4084.8959266395923
4079.6645077349003
4078.4830988142608
4078.48309881425
4078.0859223376574
4069.2960937053354
4069.296093705293
4068.809596260981
4068.1712859959043
4068.1295768269374
4067.4190538953867
4067.419053895316
4066.3770578391063
4058.122410245139
4052.185585858264
4052.1855858582408
4050.0228538044466
4045.090840356745
4045.0908403567046
4042.6788672481816
4042.6014011981265
4040.541204420463
4033.834255507321
4033.8342555072927
4031.5036730962615
4021.646106807495
4021.6461068074636
4019.61347606669
4018.865596634463
4018.591935893222
4017.8624267933615
4017.862426793336
4017.0490381540185
4015.833350618213
4015.0360905609236
4013.151079203912
4013.151079203895
4001.7847035232694
4001.5389659049556
4001.538965904907
4000.2868694685585
3989.186071822834
3988.626759442198
3988.4576246249644
3988.4576246249435
3986.3980770988155
3984.8994736815603
3984.899473681543
3982.442762519945
3970.673938174681
3965.247938970189
3965.247938970155
3956.6425912865548
3954.0182009129617
3953.688637646774
3953.688637646768
3952.9560892092363
3952.9450135317124
3947.8813786184755
3947.8813786184073
3946.206342119475
3938.691651245446
3937.798976610459
3937.798976610459
3937.270954319576
3931.438625223829
3929.1542839319322
3929.1542839318718
3926.9467209924205
3871.7795817670944
3869.850141529772
3869.8501415297505
3867.7657425789157
3853.7658989432834
3853.754389406486
3853.7543894064693
3853.747848345847
3815.0304129092847
3811.5644648737716
3811.5644648737443
3808.1720000727155
3763.0706992478435
3763.066350788961
3763.0663507889435
3763.063022156603
3753.2090112068595
3752.2760523409543
3752.2760523409374
3751.256027563105
3732.885462059404
3732.8444324215675
3732.523462725738
3732.523462725728
3726.4966990509115
3725.5561813205854
3725.556181320571
3724.79930615705
3723.1825053228977
3722.050399836002
3721.718699209462
3721.7186992094344
3721.4595629918826
3721.459562991851
3719.0034154326254
3717.3114169321043
3716.322120617148
3712.758651115308
3712.7586511152676
3710.1178644911915
3707.1997747192468
3700.644009855573
3699.5545950851083
3699.5545950850933
3698.4377098200443
3698.2281740161484
3698.2281740161125
3694.904953607087
3693.7516306926746
3693.751630692622
3693.6992241444214
3693.289931767919
3686.5325565878725
3686.532556587867
3685.415075531347
3683.6043041103717
3680.6465783959497
3678.5139206277454
3677.2826748633433
3677.2826748633224
3676.6500859126645
3673.53690681481
3673.536906814809
3665.7440896509515
3662.487309856483
3661.5741182720735
3661.4480652051725
3661.448065205157
3659.144358298939
3659.144358298884
3658.2844197976046
3654.651593866687
3650.966749005348
3648.5159063075557
3647.3924931269075
3647.392493126896
3646.9241173304295
3644.7698661237614
3644.2167439323666
3644.2167439323507
3643.755636624005
3643.398892979308
3642.8215493487346
3642.6357386886834
3642.635738688683
3639.3842462470843
3639.3842462470825
3633.006777207273
3631.266251430089
3630.779030013269
3630.779030013257
3628.5169266568614
3620.7544445168082
3617.8457908023756
3617.845790802368
3615.389767659938
3601.7266891716963
3595.380887897819
3595.380887897803
3588.383166967372
3569.701890570328
3564.355746701643
3564.355746701641
3560.425743645801
3474.766352424687
3471.163013776067
3471.163013776055
3466.914907583619
3442.370217923417
3439.8938546543354
3439.8938546543236
3439.8794239375593
3434.197496739677
3433.6190557866453
3433.6190557865857
3427.5263872302776
3426.9164163645332
3419.5803994326625
3419.580399432649
3414.322336956809
3407.2941678525517
3399.476662145914
3399.4766621459025
3389.81974371306
3386.4366467405625
3384.656417292897
3384.6564172928593
3382.6894539851432
3382.3800857118927
3373.1876074154015
3373.1876074153924
3366.944487334704
3365.972798809797
3365.9727988097675
3365.6160498658073
3365.502538618706
3360.462614061858
3360.462614061842
3360.130491083897
3359.690470038875
3352.808593229356
3350.8126635863755
3350.8126635863296
3349.290521432804
3348.684370563755
3346.290199945386
3343.7248599525296
3343.724859952502
3340.6582186664486
3340.6582186664205
3340.576330756548
3335.064416121524
3335.050575306919
3334.853542682931
3334.8535426829203
3333.3306915934454
3329.806360416256
3328.348964711109
3328.3489647110628
3326.90365553233
3316.9321300637575
3316.4520210943615
3314.471540643365
3314.471540643349
3310.9395095413106
3310.9395095413097
3309.9293024524372
3308.4019167571596
3294.1362959198245
3292.427399258779
3292.4273992587646
3290.4416146094877
3289.292427108814
3284.7465001896826
3284.7465001896794
3281.1997987176023
3266.354568300505
3265.3267540108327
3265.326754010768
3263.9722417046755
3263.277094883679
3261.352213954217
3261.3522139542147
3259.779580722883
3215.2280938535177
3212.164452403506
3212.1644524034623
3206.5714837725127
3203.3442786044075
3199.25822329237
3199.119472005452
3199.1194720054477
3198.5995706328335
3196.902317074839
3196.9023170748237
3192.8557193147476
3183.1554439002766
3181.367349090871
3181.3673490908586
3180.2786820212077
3175.424168389738
3175.424168389721
3175.351607566758
3175.3459489044517
3175.278825001431
3174.755253752226
3174.7552537521988
3173.911101644099
3162.9379360270245
3160.932236714861
3160.714033006522
3160.71403300652
3158.6196687773195
3158.5681256644016
3158.5681256643925
3156.492378965572
3147.674931794618
3147.5712848951225
3147.5712848950875
3144.047894995639
3142.1488225867383
3141.7809072511964
3140.3568963280172
3140.3568963280113
3126.7665683747937
3125.8185063473384
3125.818506347286
3125.720312364459
3114.1980352780556
3111.9101279286224
3111.9101279286024
3108.612412438038
3091.489412038316
3088.9274688381934
3088.927468838193
3084.1701706183435
3082.7027434969787
3079.7317531076415
3079.7317531075905
3078.660849328744
3070.707927199442
3070.0764634086454
3069.979952532734
3069.9799525326966
3065.6941034892475
3065.694103489245
3065.0499073713436
3064.875174967845
3055.3722794922437
3052.0389748421053
3052.038974842099
3049.5615185645634
3046.982309133171
3045.782849435849
3045.7828494358455
3044.543302903108
3041.7248914576235
3039.9150122328474
3039.0306297006055
3039.0306297005973
3036.2670212294793
3036.2670212294643
3033.1273319105326
3032.6477698003064
3032.153056978478
3026.71220077264
3026.7122007726352
3026.4669812056486
3019.072248457137
3019.072248457099
3018.890000091879
3017.0906221379782
2995.881676393024
2988.147461467769
2988.14746146773
2982.1390201672803
2977.0763909892544
2977.0763909892444
2974.589176053226
2973.4289568441645
2966.121179412024
2958.9968697456825
2958.996869745663
2956.3604631842686
2955.3248344587896
2953.3475917720953
2953.3475917720866
2950.792484590888
2945.8306159735166
2944.1955129546313
2944.195512954581
2942.7588585555573
2934.7659812797447
2932.7807806975065
2932.7807806974656
2931.4319730382913
2923.6447378501193
2923.1918611146757
2922.889117489965
2922.88911748994
2913.018811096912
2909.439738040479
2909.439738040438
2901.842758213529
2901.7938865796364
2899.7630243325566
2896.8296932687836
2896.82969326878
2891.9843456439494
2890.5748530248256
2890.574853024822
2886.6249812379156
2886.0178755864154
2886.0178755863967
2883.260034803598
2878.422980363534
2865.0184015591435
2864.9764097169705
2864.976409716968
2864.117890175602
2862.4814325167313
2862.1991752363856
2849.7314196258008
2849.7314196257366
2844.721176198381
2844.7211761983717
2836.7242385025324
2829.3194790080793
2828.7176945417705
2816.82298652296
2816.8229865229405
2808.3581459485313
2785.449732781352
2781.6394025008763
2779.410052122966
2779.4100521229407
2774.9981843046894
2774.699088331261
2774.699088331261
2772.8655096041375
2772.1232095335995
2772.123209533589
2771.8027349504187
2766.0318545471637
2763.666407014911
2758.2191330832893
2756.588500514517
2756.588500514488
2754.270829916294
2754.2708299162405
2752.002943253966
2751.22153009278
2737.0080286909138
2735.0737516595314
2735.0737516595045
2733.1272751003003
2637.1275766111125
2637.106580410328
2637.106580410327
2637.0858132398334
2626.8462304534246
2626.53856672369
2626.538566723668
2626.248069375819
2613.1676625625823
2613.01331034221
2613.0133103422077
2612.845472430103
2612.1600581782795
2612.1487766835503
2612.1487766835394
2612.1377464921393
2605.605790479446
2605.5545209973952
2605.5545209973857
2605.5042544764715
2601.6688124474986
2601.6681548241186
2601.668154824108
2601.66805463783
2601.312550800964
2601.0631837016726
2601.0631837016235
2600.827175393046
2594.5170772304114
2594.40966911918
2594.4096691191507
2594.296570712256
2575.065125193849
2575.047508369888
2575.0475083698007
2575.0348164863917
2574.335692350573
2574.3059593456737
2574.3059593456214
2574.272928987216
2569.9937218432656
2569.9868572013797
2569.9868572013193
2569.9800286401423
2564.430798427029
2563.423141184321
2563.4231411842416
2562.3516841210894
2539.5558452763526
2537.436419190504
2537.436419190495
2535.1594554053936
2517.0982508973143
2515.0664139060523
2515.066413906026
2512.964467788917
2507.641093977092
2505.7590508113167
2505.7590508112985
2501.8334766566913
2501.453637685446
2496.670446224258
2496.6704462242574
2493.8525309189104
2492.34875021268
2489.427480595421
2489.4274805953833
2485.29831448334
2478.0637811991783
2475.4106561697317
2475.4106561696976
2474.9477412395177
2456.419589391539
2453.984978138725
2453.984978138688
2448.183231935353
2441.963106326048
2435.386393978749
2435.3863939787407
2431.412418330798
2400.2269344313663
2399.3611570400785
2399.3611570399735
2398.8780813762864
2396.2647046888414
2393.758377870599
2393.758377870581
2390.102223869974
2380.8784422216863
2378.238757238778
2378.238757238772
2376.497379453808
2365.3819853998125
2363.931589671049
2363.9315896710114
2362.4423691076863
2316.1195377590784
2315.5001104329363
2315.500110432904
2314.8361086628934
2309.1480503221037
2307.7843907201777
2307.7843907201614
2306.7487205691923
2300.888414959898
2298.583531343219
2298.5835313431935
2294.533260849688
2284.13215657275
2283.385313886951
2282.8602425211493
2282.8602425210947
2272.3768722649693
2272.0689800963137
2272.068980096309
2270.3503456096296
2269.9336663267363
2266.745651680437
2265.4750386872674
2265.4750386872443
2261.611540849305
2261.611540849285
2258.3242158790017
2257.5746569788726
2252.4638256323337
2245.148258285691
2245.1482582856634
2240.4651604744313
2227.5860158883015
2227.5860158882892
2227.395185022104
2227.096072415829
2222.889321101079
2221.7587971451762
2220.9294633007326
2220.9294633007094
2219.687748550485
2218.8072047028413
2218.8072047028295
2218.503692187771
2217.607179615325
2217.6071796153187
2217.1267994116333
2215.5190974838533
2215.027438015083
2214.999346681774
2214.9993466817195
2214.230418407283
2213.292571742528
2213.0362962715503
2213.036296271543
2212.775922946912
2212.4348603464296
2211.2439882496333
2211.243988249569
2209.4782822629663
2207.2424096860495
2205.3780652347427
2205.3780652346773
2199.208767161346
2192.311380858021
2192.1160334044234
2192.11603340442
2191.2586084328746
2189.8192069332385
2188.4059408771104
2188.405940877106
2187.409080415161
2187.3530367534595
2183.049735795439
2179.3008793733784
2179.300879373353
2171.880850858617
2169.6349608833902
2169.634960883363
2158.935132384148
2150.9238392159064
2148.523477696212
2144.4662006319454
2144.4662006319422
2142.336532244921
2142.3365322449076
2137.1743773381495
2136.720430090738
2133.860235162936
2132.451502789181
2132.005624603871
2132.0056246038707
2126.5690508082316
2119.5821508028785
2119.582150802871
2111.7094265599208
2111.343122707066
2111.3431227070146
2105.8228469238156
2104.439469034949
2103.988987331357
2098.1486739608035
2092.5492396102177
2092.5492396101963
2090.48901642765
2086.8409282631224
2086.8409282630755
2082.321720720201
2076.525745140164
2074.4521811538534
2074.4521811538293
2070.1318045180315
2060.644987870654
2060.1929864085996
2060.1929864085805
2054.9764657282617
2054.5336728596208
2052.496608534796
2049.799754541873
2049.7997545418484
2040.7996173478255
2040.7996173478195
2037.4478047102104
2035.7033831561
2034.3273897140389
2026.1163218487459
2025.827332040621
2025.8273320406129
2013.9121122955523
2013.9121122955462
2012.3408692675
2010.5633868048303
2007.5263750667002
2002.3341756296309
2002.3341756296213
2000.2377673551684
1995.421036414418
1995.4210364143912
1995.1745580020947
1990.187607811347
1987.7504379036732
1984.4627228655631
1983.7200504279394
1983.7200504279333
1967.5463768254845
1964.1255590646267
1964.125559064618
1960.8994760812598
1960.899476081238
1960.4988294821746
1956.0323642361554
1955.5143369829664
1951.6875100501748
1947.0400345339865
1943.854558226922
1943.8545582269019
1942.9043234714256
1940.935722819474
1940.4202129962875
1940.4202129962543
1932.6116965301821
1926.60200750565
1926.6020075056376
1925.8108541584859
1925.45385031592
1925.4538503158926
1921.3386572809331
1919.5942394686524
1907.7087190287343
1906.511932070773
1905.3379791417863
1905.337979141734
1902.4341889142163
1902.4341889141815
1899.258625791553
1897.1808532465895
1889.9832300956316
1889.3468057869422
1887.474309399466
1887.4743093994643
1884.5291301092361
1878.7856553270537
1878.7856553270458
1878.1921596141383
1874.1991834420157
1874.1991834420091
1870.439797135192
1869.0711735456268
1863.791383555735
1860.6164869087663
1860.4900863730245
1860.490086373022
1857.5980528664666
1856.999633765552
1853.6661287072423
1853.666128707212
1849.7531309219064
1849.7531309218746
1849.2705698382056
1842.605341377132
1840.663690302558
1840.2563739211973
1838.347123961405
1838.3471239613968
1836.0616480667163
1836.061648066703
1834.1601498507648
1834.1449823473588
1832.9417585546075
1830.2218891381199
1830.221889138119
1828.176435074118
1810.6881664810296
1810.588912402693
1810.5889124026846
1810.5041856897344
1804.1135093938378
1803.6496646200399
1803.649664620028
1803.142690409117
1802.2535126138318
1799.0094549807868
1799.0094549807861
1796.637335699949
1791.7059296809798
1791.6995191653414
1791.6995191653184
1791.5305266455027
1769.8674915848997
1769.6659813487904
1769.6659813487543
1769.4680401483313
1761.616143403176
1761.4641023178935
1761.464102317871
1761.3166225973637
1747.0164381462266
1747.0145249832076
1747.0145249831921
1747.0126122869083
1684.997974446222
1684.1923050399755
1684.192305039958
1683.3162568496239
1663.5978555135712
1662.5338832727616
1662.5338832727452
1661.5367698097932
1613.3120061123022
1612.6154481786632
1612.615448178632
1611.8896452347462
1578.8400769164105
1577.574798988066
1577.5747989880585
1576.2772545079827
1543.6267406598931
1541.1488185041198
1541.1488185040832
1537.87065944171
1532.7493973357862
1530.3016286380905
1530.3016286380816
1528.0660736405166
1527.187693728565
1525.0468122781317
1525.046812278112
1523.1643082276362
1511.7240418267575
1511.097988816711
1511.0979888166785
1510.4638485626888
1504.5596543843305
1504.41250684158
1504.4125068415458
1504.2357785167496
1496.2667510747524
1492.0338011078165
1492.033801107787
1487.9827472398606
1457.0059516420395
1456.3689978137782
1456.3689978137681
1455.6436973635043
1450.8747276448362
1450.780976954073
1450.7809769540474
1450.6756038224437
1444.7814852852066
1444.416900640946
1444.4169006409318
1444.0574912400893
1436.4769179365865
1431.9167680166127
1431.9167680166079
1427.0572322830596
1401.8012736961766
1398.5054676327702
1398.5054676327672
1395.6569542794432
1394.4575044494063
1394.3040600388088
1394.1603950858075
1394.1603950857975
1390.5803971726934
1390.5803971726873
1390.4514701685473
1390.4307979912512
1375.2403827887122
1375.199823493563
1375.1998234935393
1375.1590360418375
1351.885545159821
1351.1517104103582
1351.1517104103511
1350.4518932526194
1306.8595132366247
1306.6322953007116
1306.632295300676
1306.4065273185493
1271.0119806481662
1270.6117287260836
1270.6117287260627
1270.2054117412315
1232.9254810980658
1232.4946673149148
1232.4946673149052
1232.0700180029767
1197.0507043227876
1196.786302643606
1196.7863026435964
1196.5144201673909
1170.9645158853668
1170.3750315139157
1170.3750315138846
1169.77549865555
1160.988985064048
1160.7984195615331
1160.7984195614988
1160.6120411550182
1139.5068097372946
1138.6794277314953
1138.6794277314764
1137.737468850823
1135.8479576342324
1135.482227596819
1135.4822275967956
1135.2578885667876
1134.3703668545759
1134.103810841068
1134.103810841038
1133.7647723633795
1127.605035154119
1127.206711114722
1127.2067111146907
1126.8632735062765
1126.1179586030228
1126.0976568772248
1126.0976568771966
1126.0775752112947
1113.307304188219
1113.28240991716
1113.2824099171212
1113.2572389385914
1088.4591266241166
1087.7764018206385
1087.7764018206028
1087.0780945635956
1065.658701522141
1065.2932638970638
1065.2932638970483
1064.715518890421
1064.4577866869238
1063.6631618831398
1063.6631618831134
1062.8205418574626
1061.4597450774959
1060.8926957196943
1060.8926957196943
1060.5528439459556
1054.2910136082614
1052.9654271776376
1052.9654271776167
1051.4488335995422
1045.231056139471
1044.3499844331636
1044.3499844331502
1043.5795326720458
1043.1323992756998
1042.9322022015244
1042.895926826175
1042.89592682617
1041.9361255402378
1041.8687748435425
1041.8687748435311
1041.662820688754
1038.7069103980393
1038.6745614689237
1038.6745614688705
1038.6423198968378
927.7059791217234
927.6957483815363
927.6957483814456
927.6854957801763
921.0559983671213
921.0482181671165
921.0482181671127
921.0404603764289
891.0608779371487
891.0572794605648
891.0572794605164
891.0536753507636
887.180894586847
887.1777617124228
887.1777617123935
887.1746345257632
0.0
0.0
0.0
0.0
0.0
0.0
0.0
0.0
0.0
0.0
0.0
0.0
0.0
0.0
0.0
0.0
0.0
0.0
0.0
0.0
0.0
0.0
0.0
0.0
0.0
0.0
0.0
0.0
0.0
0.0
0.0
0.0
0.0
0.0
0.0
0.0
0.0
0.0
0.0
0.0
0.0
0.0
0.0
0.0
0.0
0.0
0.0
0.0
0.0
0.0
0.0
0.0
0.0
0.0
0.0
0.0
0.0
0.0
0.0
0.0
0.0
0.0
0.0
0.0
0.0
0.0
0.0
0.0
0.0
0.0
0.0
0.0
0.0
0.0
0.0
0.0
0.0
0.0
0.0
0.0
0.0
0.0
0.0
0.0
0.0
0.0
0.0
0.0
0.0
0.0
0.0
0.0
0.0
0.0
0.0
0.0
0.0
0.0
0.0
0.0
0.0
0.0
0.0
0.0
0.0
0.0
0.0
0.0
0.0
0.0
0.0
0.0
0.0
0.0
0.0
0.0
0.0
0.0
0.0
0.0
0.0
0.0
0.0
0.0
0.0
0.0
0.0
0.0
0.0
0.0
0.0
0.0
0.0
0.0
0.0
0.0
0.0
0.0
0.0
0.0
0.0
0.0
0.0
0.0
0.0
0.0
0.0
0.0
0.0
0.0
0.0
0.0
0.0
0.0
0.0
0.0
0.0
0.0
0.0
0.0
0.0
0.0
0.0
0.0
0.0
0.0
0.0
0.0
0.0
0.0
0.0
0.0
0.0
0.0
0.0
0.0
0.0
0.0
0.0
0.0
0.0
0.0
0.0
0.0
0.0
0.0
0.0
0.0
0.0
0.0
0.0
0.0
0.0
0.0
0.0
0.0
0.0
0.0
0.0
0.0
0.0
0.0
0.0
0.0
0.0
0.0
0.0
0.0
0.0
0.0
0.0
0.0
0.0
0.0
0.0
0.0
0.0
0.0
0.0
0.0
0.0
0.0
0.0
0.0
0.0
0.0
0.0
0.0
0.0
0.0
0.0
0.0
0.0
0.0
0.0
0.0
0.0
0.0
0.0
0.0
0.0
0.0
0.0
0.0
0.0
0.0
0.0
0.0
0.0
0.0
0.0
0.0
0.0
0.0
0.0
0.0
0.0
0.0
0.0
0.0
0.0
0.0
0.0
0.0
0.0
0.0
0.0
0.0
0.0
0.0
0.0
0.0
0.0
0.0
0.0
0.0
0.0
0.0
0.0
0.0
0.0
0.0
0.0
0.0
0.0
0.0
0.0
0.0
0.0
0.0
0.0
0.0
0.0
0.0
0.0
0.0
0.0
0.0
0.0
0.0
0.0
0.0
0.0
0.0
0.0
0.0
0.0
0.0
0.0
0.0
0.0
0.0
0.0
0.0
0.0
0.0
0.0
0.0
0.0
0.0
0.0
0.0
0.0
0.0
0.0
0.0
0.0
0.0
0.0
0.0
0.0
0.0
0.0
0.0
0.0
0.0
0.0
0.0
0.0
0.0
0.0
0.0
0.0
0.0
0.0
0.0
0.0
0.0
0.0
0.0
0.0
0.0
0.0
0.0
0.0
0.0
0.0
0.0
0.0
0.0
0.0
0.0
0.0
0.0
0.0
0.0
0.0
0.0
0.0
0.0
0.0
0.0
0.0
0.0
0.0
0.0
0.0
0.0
0.0
0.0
0.0
0.0
0.0
0.0
0.0
0.0
0.0
0.0
0.0
0.0
0.0
0.0
0.0
0.0
0.0
0.0
0.0
0.0
0.0
0.0
0.0
0.0
0.0
0.0
0.0
0.0
0.0
0.0
0.0
0.0
0.0
0.0
0.0
0.0
0.0
0.0
0.0
0.0
0.0
0.0
0.0
0.0
0.0
0.0
0.0
0.0
0.0
0.0
0.0
0.0
0.0
0.0
0.0
0.0
0.0
0.0
0.0
0.0
0.0
0.0
0.0
0.0
0.0
0.0
0.0
0.0
0.0
0.0
0.0
0.0
0.0
0.0
0.0
0.0
0.0
0.0
0.0
0.0
0.0
0.0
0.0
0.0
0.0
0.0
0.0
0.0
0.0
0.0
0.0
0.0
0.0
0.0
0.0
0.0
0.0
0.0
0.0
0.0
0.0
0.0
0.0
0.0
0.0
0.0
0.0
0.0
0.0
0.0
0.0
0.0
0.0
0.0
0.0
0.0
0.0
0.0
0.0
0.0
0.0
0.0
0.0
0.0
0.0
0.0
0.0
0.0
0.0
0.0
0.0
0.0
0.0
0.0
0.0
0.0
0.0
0.0
0.0
0.0
0.0
0.0
0.0
0.0
0.0
0.0
0.0
0.0
0.0
0.0
0.0
0.0
0.0
0.0
0.0
0.0
0.0
0.0
0.0
0.0
0.0
0.0
0.0
0.0
0.0
0.0
0.0
0.0
0.0
0.0
0.0
0.0
0.0
0.0
0.0
0.0
0.0
0.0
0.0
0.0
0.0
0.0
0.0
0.0
0.0
0.0
0.0
0.0
0.0
0.0
0.0
0.0
0.0
0.0
0.0
0.0
0.0
0.0
0.0
0.0
0.0
0.0
0.0
0.0
0.0
0.0
0.0
0.0
0.0
0.0
0.0
0.0
0.0
0.0
0.0
0.0
0.0
0.0
0.0
0.0
0.0
0.0
0.0
0.0
0.0
0.0
0.0
0.0
0.0
0.0
0.0
0.0
0.0
0.0
0.0
0.0
0.0
0.0
0.0
0.0
0.0
0.0
0.0
0.0
0.0
0.0
0.0
0.0
0.0
0.0
0.0
0.0
0.0
0.0
0.0
0.0
0.0
0.0
0.0
0.0
0.0
0.0
0.0
0.0
0.0
0.0
0.0
0.0
0.0
0.0
0.0
0.0
0.0
0.0
0.0
0.0
0.0
0.0
0.0
0.0
0.0
0.0
0.0
0.0
0.0
0.0
0.0
0.0
0.0
0.0
0.0
0.0
0.0
0.0
0.0
0.0
0.0
0.0
0.0
0.0
0.0
0.0
0.0
0.0
0.0
0.0
0.0
0.0
0.0
0.0
0.0
0.0
0.0
0.0
0.0
0.0
0.0
0.0
0.0
0.0
0.0
0.0
0.0
0.0
0.0
0.0
0.0
0.0
0.0
0.0
0.0
0.0
0.0
0.0
0.0
0.0
0.0
0.0
0.0
0.0
0.0
0.0
0.0
0.0
0.0
0.0
0.0
0.0
0.0
0.0
0.0
0.0
0.0
0.0
0.0
0.0
0.0
0.0
0.0
0.0
0.0
0.0
0.0
0.0
0.0
0.0
0.0
0.0
0.0
0.0
0.0
0.0
0.0
0.0
0.0
0.0
0.0
0.0
0.0
0.0
0.0
0.0
0.0
0.0
0.0
0.0
0.0
0.0
0.0
0.0
0.0
0.0
0.0
0.0
0.0
0.0
0.0
0.0
0.0
0.0
0.0
0.0
0.0
0.0
0.0
0.0
0.0
0.0
0.0
0.0
0.0
0.0
0.0
0.0
0.0
0.0
0.0
0.0
0.0
0.0
0.0
0.0
0.0
0.0
0.0
0.0
0.0
0.0
0.0
0.0
0.0
0.0
0.0
0.0
0.0
0.0
0.0
0.0
0.0
0.0
0.0
0.0
0.0
0.0
0.0
0.0
0.0
0.0
0.0
0.0
0.0
0.0
0.0
0.0
0.0
0.0
0.0
0.0
0.0
0.0
0.0
0.0
0.0
0.0
0.0
0.0
0.0
0.0
0.0
0.0
0.0
0.0
0.0
0.0
0.0
0.0
0.0
0.0
0.0
0.0
0.0
0.0
0.0
0.0
0.0
0.0
0.0
0.0
0.0
0.0
0.0
0.0
0.0
0.0
0.0
0.0
0.0
0.0
0.0
0.0
0.0
0.0
0.0
0.0
0.0
0.0
0.0
0.0
0.0
0.0
0.0
0.0
0.0
0.0
0.0
0.0
0.0
0.0
0.0
0.0
0.0
0.0
0.0
0.0
0.0
0.0
0.0
0.0
0.0
0.0
0.0
0.0
0.0
0.0
0.0
0.0
0.0
0.0
0.0
0.0
0.0
0.0
0.0
0.0
0.0
0.0
0.0
0.0
0.0
0.0
0.0
0.0
0.0
0.0
0.0
0.0
0.0
0.0
0.0
0.0
0.0
0.0
0.0
0.0
0.0
0.0
0.0
0.0
0.0
0.0
0.0
0.0
0.0
0.0
0.0
0.0
0.0
0.0
0.0
0.0
0.0
0.0
0.0
0.0
0.0
0.0
0.0
0.0
0.0
0.0
0.0
0.0
0.0
0.0
0.0
0.0
0.0
0.0
0.0
0.0
0.0
0.0
0.0
0.0
0.0
0.0
0.0
0.0
0.0
0.0
0.0
0.0
0.0
0.0
0.0
0.0
0.0
0.0
0.0
0.0
0.0
0.0
0.0
0.0
0.0
0.0
0.0
0.0
0.0
0.0
0.0
0.0
0.0
0.0
0.0
0.0
0.0
0.0
0.0
0.0
0.0
0.0
0.0
0.0
0.0
0.0
0.0
0.0
0.0
0.0
0.0
0.0
0.0
0.0
0.0
0.0
0.0
0.0
0.0
0.0
0.0
0.0
0.0
0.0
0.0
0.0
0.0
0.0
0.0
0.0
0.0
0.0
0.0
0.0
0.0
0.0
0.0
0.0
0.0
0.0
0.0
0.0
0.0
0.0
0.0
0.0
0.0
0.0
0.0
0.0
0.0
0.0
0.0
0.0
0.0
0.0
0.0
0.0
0.0
0.0
0.0
0.0
0.0
0.0
0.0
0.0
0.0
0.0
0.0
0.0
0.0
0.0
0.0
0.0
0.0
0.0
0.0
0.0
0.0
0.0
0.0
0.0
0.0
0.0
0.0
0.0
0.0
0.0
0.0
0.0
0.0
0.0
0.0
0.0
0.0
0.0
0.0
0.0
0.0
0.0
0.0
0.0
0.0
0.0
0.0
0.0
0.0
0.0
0.0
0.0
0.0
0.0
0.0
0.0
0.0
0.0
0.0
0.0
0.0
0.0
0.0
0.0
0.0
0.0
0.0
0.0
0.0
0.0
0.0
0.0
0.0
0.0
0.0
0.0
0.0
0.0
0.0
0.0
0.0
0.0
0.0
0.0
0.0
0.0
0.0
0.0
0.0
0.0
0.0
0.0
0.0
0.0
0.0
0.0
0.0
0.0
0.0
0.0
0.0
0.0
0.0
0.0
0.0
0.0
0.0
0.0
0.0
0.0
0.0
0.0
0.0
0.0
0.0
0.0
0.0
0.0
0.0
0.0
0.0
0.0
0.0
0.0
0.0
0.0
0.0
0.0
0.0
0.0
0.0
0.0
0.0
0.0
0.0
0.0
0.0
0.0
0.0
0.0
0.0
0.0
0.0
0.0
0.0
0.0
0.0
0.0
0.0
0.0
0.0
0.0
0.0
0.0
0.0
0.0
0.0
0.0
0.0
0.0
0.0
0.0
0.0
0.0
0.0
0.0
0.0
0.0
0.0
0.0
0.0
0.0
0.0
0.0
0.0
0.0
0.0
0.0
0.0
0.0
0.0
0.0
0.0
0.0
0.0
0.0
0.0
0.0
0.0
0.0
0.0
0.0
0.0
0.0
0.0
0.0
0.0
0.0
0.0
0.0
0.0
0.0
0.0
0.0
0.0
0.0
0.0
0.0
0.0
0.0
0.0
0.0
0.0
0.0
0.0
0.0
0.0
0.0
0.0
0.0
0.0
0.0
0.0
0.0
0.0
0.0
0.0
0.0
0.0
0.0
0.0
0.0
0.0
0.0
0.0
0.0
0.0
0.0
0.0
0.0
0.0
0.0
0.0
0.0
0.0
0.0
0.0
0.0
0.0
0.0
0.0
0.0
0.0
0.0
0.0
0.0
0.0
0.0
0.0
0.0
0.0
0.0
0.0
0.0
0.0
0.0
0.0
0.0
0.0
0.0
0.0
0.0
0.0
0.0
0.0
0.0
0.0
0.0
0.0
0.0
0.0
0.0
0.0
0.0
0.0
0.0
0.0
0.0
0.0
0.0
0.0
0.0
0.0
0.0
0.0
0.0
0.0
0.0
0.0
0.0
0.0
0.0
0.0
0.0
0.0
0.0
0.0
0.0
0.0
0.0
0.0
0.0
0.0
0.0
0.0
0.0
0.0
0.0
0.0
0.0
0.0
0.0
0.0
0.0
0.0
0.0
0.0
0.0
0.0
0.0
0.0
0.0
0.0
0.0
0.0
0.0
0.0
0.0
0.0
0.0
0.0
0.0
0.0
0.0
0.0
0.0
0.0
0.0
0.0
0.0
0.0
0.0
0.0
0.0
0.0
0.0
0.0
0.0
0.0
0.0
0.0
0.0
0.0
0.0
0.0
0.0
0.0
0.0
0.0
0.0
0.0
0.0
0.0
0.0
0.0
0.0
0.0
0.0
0.0
0.0
0.0
0.0
0.0
0.0
0.0
0.0
0.0
0.0
0.0
0.0
0.0
0.0
0.0
0.0
0.0
0.0
0.0
0.0
0.0
0.0
0.0
0.0
0.0
0.0
0.0
0.0
0.0
0.0
0.0
0.0
0.0
0.0
0.0
0.0
0.0
0.0
0.0
0.0
0.0
0.0
0.0
0.0
0.0
0.0
0.0
0.0
0.0
0.0
0.0
0.0
0.0
0.0
0.0
0.0
0.0
0.0
0.0
0.0
0.0
0.0
0.0
0.0
0.0
0.0
0.0
0.0
0.0
0.0
0.0
0.0
0.0
0.0
0.0
0.0
0.0
0.0
0.0
0.0
0.0
0.0
0.0
0.0
0.0
0.0
0.0
0.0
0.0
0.0
0.0
0.0
0.0
0.0
0.0
0.0
0.0
0.0
0.0
0.0
0.0
0.0
0.0
0.0
0.0
0.0
0.0
0.0
0.0
0.0
0.0
0.0
0.0
0.0
0.0
0.0
0.0
0.0
0.0
0.0
0.0
0.0
0.0
0.0
0.0
0.0
0.0
0.0
0.0
0.0
0.0
0.0
0.0
0.0
0.0
0.0
0.0
0.0
0.0
0.0
0.0
0.0
0.0
0.0
0.0
0.0
0.0
0.0
0.0
0.0
0.0
0.0
0.0
0.0
0.0
0.0
0.0
0.0
0.0
0.0
0.0
0.0
0.0
0.0
0.0
0.0
0.0
0.0
0.0
0.0
0.0
0.0
0.0
0.0
0.0
0.0
0.0
0.0
0.0
0.0
0.0
0.0
0.0
0.0
0.0
0.0
0.0
0.0
0.0
0.0
0.0
0.0
0.0
0.0
0.0
0.0
0.0
0.0
0.0
0.0
0.0
0.0
0.0
0.0
0.0
0.0
0.0
0.0
0.0
0.0
0.0
0.0
0.0
0.0
0.0
0.0
0.0
0.0
0.0
0.0
0.0
0.0
0.0
0.0
0.0
0.0
0.0
0.0
0.0
0.0
0.0
0.0
0.0
0.0
0.0
0.0
0.0
0.0
0.0
0.0
0.0
0.0
0.0
0.0
0.0
0.0
0.0
0.0
0.0
0.0
0.0
0.0
0.0
0.0
0.0
0.0
0.0
0.0
0.0
0.0
0.0
0.0
0.0
0.0
0.0
0.0
0.0
0.0
0.0
0.0
0.0
0.0
0.0
0.0
0.0
0.0
0.0
0.0
0.0
0.0
0.0
0.0
0.0
0.0
0.0
0.0
0.0
0.0
0.0
0.0
0.0
0.0
0.0
0.0
0.0
0.0
0.0
0.0
0.0
0.0
0.0
0.0
0.0
0.0
0.0
0.0
0.0
0.0
0.0
0.0
0.0
0.0
0.0
0.0
0.0
0.0
0.0
0.0
0.0
0.0
0.0
0.0
0.0
0.0
0.0
0.0
0.0
0.0
0.0
0.0
0.0
0.0
0.0
0.0
0.0
0.0
0.0
0.0
0.0
0.0
0.0
0.0
0.0
0.0
0.0
0.0
0.0
0.0
0.0
0.0
0.0
0.0
0.0
0.0
0.0
0.0
0.0
0.0
0.0
0.0
0.0
0.0
0.0
0.0
0.0
0.0
0.0
0.0
0.0
0.0
0.0
0.0
0.0
0.0
0.0
0.0
0.0
0.0
0.0
0.0
0.0
0.0
0.0
0.0
0.0
0.0
0.0
0.0
0.0
0.0
0.0
0.0
0.0
0.0
0.0
0.0
0.0
0.0
0.0
0.0
0.0
0.0
0.0
0.0
0.0
0.0
0.0
0.0
0.0
0.0
0.0
0.0
0.0
0.0
0.0
0.0
0.0
0.0
0.0
0.0
0.0
0.0
0.0
0.0
0.0
0.0
0.0
0.0
0.0
0.0
0.0
0.0
0.0
0.0
0.0
0.0
0.0
0.0
0.0
0.0
0.0
0.0
0.0
0.0
0.0
0.0
0.0
0.0
0.0
0.0
0.0
0.0
0.0
0.0
0.0
0.0
0.0
0.0
0.0
0.0
0.0
0.0
0.0
0.0
0.0
0.0
0.0
0.0
0.0
0.0
0.0
0.0
0.0
0.0
0.0
0.0
0.0
0.0
0.0
0.0
0.0
0.0
0.0
0.0
0.0
0.0
0.0
0.0
0.0
0.0
0.0
0.0
0.0
0.0
0.0
0.0
0.0
0.0
0.0
0.0
0.0
0.0
0.0
0.0
0.0
0.0
0.0
0.0
0.0
0.0
0.0
0.0
0.0
0.0
0.0
0.0
0.0
0.0
0.0
0.0
0.0
0.0
0.0
0.0
0.0
0.0
0.0
0.0
0.0
0.0
0.0
0.0
0.0
0.0
0.0
0.0
0.0
0.0
0.0
0.0
0.0
0.0
0.0
0.0
0.0
0.0
0.0
0.0
0.0
0.0
0.0
0.0
0.0
0.0
0.0
0.0
0.0
0.0
0.0
0.0
0.0
0.0
0.0
0.0
0.0
0.0
0.0
0.0
0.0
0.0
0.0
0.0
0.0
0.0
0.0
0.0
0.0
0.0
0.0
0.0
0.0
0.0
0.0
0.0
0.0
0.0
0.0
0.0
0.0
0.0
0.0
0.0
0.0
0.0
0.0
0.0
0.0
0.0
0.0
0.0
0.0
0.0
0.0
0.0
0.0
0.0
0.0
0.0
0.0
0.0
0.0
0.0
0.0
0.0
0.0
0.0
0.0
0.0
0.0
0.0
0.0
0.0
0.0
0.0
0.0
0.0
0.0
0.0
0.0
0.0
0.0
0.0
0.0
0.0
0.0
0.0
0.0
0.0
0.0
0.0
0.0
0.0
0.0
0.0
0.0
0.0
0.0
0.0
0.0
0.0
0.0
0.0
0.0
0.0
0.0
0.0
0.0
0.0
0.0
0.0
0.0
0.0
0.0
0.0
0.0
0.0
0.0
0.0
0.0
0.0
0.0
0.0
0.0
0.0
0.0
0.0
0.0
0.0
0.0
0.0
0.0
0.0
0.0
0.0
0.0
0.0
0.0
0.0
0.0
0.0
0.0
0.0
0.0
0.0
0.0
0.0
0.0
0.0
0.0
0.0
0.0
0.0
0.0
0.0
0.0
0.0
0.0
0.0
0.0
0.0
0.0
0.0
0.0
0.0
0.0
0.0
0.0
0.0
0.0
0.0
0.0
0.0
0.0
0.0
0.0
0.0
0.0
0.0
0.0
0.0
0.0
0.0
0.0
0.0
0.0
0.0
0.0
0.0
0.0
0.0
0.0
0.0
0.0
0.0
0.0
0.0
0.0
0.0
0.0
0.0
0.0
0.0
0.0
0.0
0.0
0.0
0.0
0.0
0.0
0.0
0.0
0.0
0.0
0.0
0.0
0.0
0.0
0.0
0.0
0.0
0.0
0.0
0.0
0.0
0.0
0.0
0.0
0.0
0.0
0.0
0.0
0.0
0.0
0.0
0.0
0.0
0.0
0.0
0.0
0.0
0.0
0.0
0.0
0.0
0.0
0.0
0.0
0.0
0.0
0.0
0.0
0.0
0.0
0.0
0.0
0.0
0.0
0.0
0.0
0.0
0.0
0.0
0.0
0.0
0.0
0.0
0.0
0.0
0.0
0.0
0.0
0.0
0.0
0.0
0.0
0.0
0.0
0.0
0.0
0.0
0.0
0.0
0.0
0.0
0.0
0.0
0.0
0.0
0.0
0.0
0.0
0.0
0.0
0.0
0.0
0.0
0.0
0.0
0.0
0.0
0.0
0.0
0.0
0.0
0.0
0.0
0.0
0.0
0.0
0.0
0.0
0.0
0.0
0.0
0.0
0.0
0.0
0.0
0.0
0.0
0.0
0.0
0.0
0.0
0.0
0.0
0.0
0.0
0.0
0.0
0.0
0.0
0.0
0.0
0.0
0.0
0.0
0.0
0.0
0.0
0.0
0.0
0.0
0.0
0.0
0.0
0.0
0.0
0.0
0.0
0.0
0.0
0.0
0.0
0.0
0.0
0.0
0.0
0.0
0.0
0.0
0.0
0.0
0.0
0.0
0.0
0.0
0.0
0.0
0.0
0.0
0.0
0.0
0.0
0.0
0.0
0.0
0.0
0.0
0.0
0.0
0.0
0.0
0.0
0.0
0.0
0.0
0.0
0.0
0.0
0.0
0.0
0.0
0.0
0.0
0.0
0.0
0.0
0.0
0.0
0.0
0.0
0.0
0.0
0.0
0.0
0.0
0.0
0.0
0.0
0.0
0.0
0.0
0.0
0.0
0.0
0.0
0.0
0.0
0.0
0.0
0.0
0.0
0.0
0.0
0.0
0.0
0.0
0.0
0.0
0.0
0.0
0.0
0.0
0.0
0.0
0.0
0.0
0.0
0.0
0.0
0.0
0.0
0.0
0.0
0.0
0.0
0.0
0.0
0.0
0.0
0.0
0.0
0.0
0.0
0.0
0.0
0.0
0.0
0.0
0.0
